Limits
-20 -10
 20 -10
20 10
-20  10
---
Obstacles
-3.98456 -1.30116
-2.26133  1.66731
0.8305 4.3877
 8.62022 -6.54732
4.65873     -10
-2.34538      -10
-5.52379 -6.80006
---
3.8468     10
9.71351      10
11.5964  5.6749
4.74308 1.64744
1.74405 5.67231
---
-11.5033  4.06702
-10.3783  4.97807
-8.03926  5.86409
-2.46326  4.89224
 -12.1289 -0.468356
---
Free Space
-2.26133  1.66731
0.8305 4.3877
-2.46326  4.89224
 -12.1289 -0.468356
---
11.5964  5.6749
 20 -10
20 10
9.71351      10
---
 8.62022 -6.54732
 20 -10
11.5964  5.6749
4.74308 1.64744
---
0.8305 4.3877
 8.62022 -6.54732
4.74308 1.64744
1.74405 5.67231
---
-3.98456 -1.30116
-2.26133  1.66731
 -12.1289 -0.468356
---
-5.52379 -6.80006
-3.98456 -1.30116
 -12.1289 -0.468356
-20 -10
---
-2.46326  4.89224
0.8305 4.3877
1.74405 5.67231
3.8468     10
-20  10
-8.03926  5.86409
---
-10.3783  4.97807
-8.03926  5.86409
-20  10
---
-11.5033  4.06702
-10.3783  4.97807
-20  10
---
-11.5033  4.06702
-20  10
-20 -10
 -12.1289 -0.468356
---
 20 -10
 8.62022 -6.54732
4.65873     -10
---
-5.52379 -6.80006
-20 -10
-2.34538      -10
---
