n_horizon: 5
zono3D
0.0206389 0.110313 11.975 60 0.00152724 0.0210427 0.110313 12.2308 60 0.00152647
0.0206075 0.109999 11.975 60 0.00152758 0.0210173 0.109999 12.2308 60 0.00152706
0.0206357 0.110305 11.975 60 0.00152955 0.0210508 0.110305 12.2308 60 0.00152904
0.0206169 0.110085 11.975 60 0.00152825 0.0210313 0.110085 12.2308 60 0.00152778
0.0206096 0.110153 11.975 60 0.00152711 0.0210227 0.110153 12.2308 60 0.0015266
n_horizon: 10
zono3D
0.112672 0.87424 43.7 380 0.00227387 0.0952561 0.87424 36.1026 380 0.00232974
0.112556 0.881449 43.7 380 0.00227538 0.0954799 0.881449 36.1026 380 0.00233373
0.111701 0.867477 43.7 380 0.00225964 0.0946231 0.867477 36.1026 380 0.00231549
0.111654 0.865985 43.7 380 0.0022594 0.0946001 0.865985 36.1026 380 0.00231533
0.112044 0.867861 43.7 380 0.00226722 0.0949537 0.867861 36.1026 380 0.00232407
n_horizon: 15
zono3D
0.140723 0.472211 37.375 149 0.00320871 0.139307 0.472211 36.9231 149 0.00321509
0.140912 0.473318 37.375 149 0.00321354 0.139481 0.473318 36.9231 149 0.00321995
0.140732 0.47149 37.375 149 0.00321082 0.139308 0.47149 36.9231 149 0.00321718
0.140847 0.471868 37.375 149 0.00321287 0.13943 0.471868 36.9231 149 0.00321937
0.140698 0.472328 37.375 149 0.00320856 0.139279 0.472328 36.9231 149 0.00321488
n_horizon: 20
zono3D
0.299277 1.29437 62.6 311 0.00394104 0.30156 1.29437 63.1026 311 0.0039374
0.298913 1.29017 62.6 311 0.0039415 0.301227 1.29017 63.1026 311 0.00393804
0.298933 1.28892 62.6 311 0.00394224 0.301243 1.28892 63.1026 311 0.00393872
0.29882 1.28839 62.6 311 0.00394182 0.301122 1.28839 63.1026 311 0.0039382
0.299002 1.29113 62.6 311 0.00394292 0.301321 1.29113 63.1026 311 0.00393953
