zono3D
-15 0 0
-14.5 0.239634 0.0814592
-13.4999 0.874814 0.36018
-12.4997 1.73178 0.806869
-11.4996 2.62204 1.28953
-10.4995 3.33594 1.67338
-9.49941 3.72525 1.80931
-8.49922 3.80393 1.78586
-7.49906 3.65746 1.70067
-6.49893 3.33501 1.51192
-5.4988 2.87929 1.27602
-4.49873 2.35772 1.03588
-3.49868 1.83579 0.822522
-2.49865 1.35538 0.648901
-1.49868 0.939976 0.52296
-0.498699 0.599363 0.457138
0.501274 0.333744 0.461868
1.50126 0.13728 0.544443
2.50127 0.00073335 0.702997
3.50118 -0.0865828 0.92489
4.50103 -0.135443 1.18645
5.50093 -0.155838 1.45123
6.50085 -0.156412 1.66701
7.5008 -0.144271 1.79218
8.50079 -0.124973 1.82696
9.50044 -0.102643 1.78685
10.4999 -0.0801616 1.66719
11.4748 -0.0593806 1.46957
12.3698 -0.0413485 1.22566
13.1384 -0.0265155 0.9717
13.7603 -0.0149137 0.731637
14.2343 -0.00630511 0.519667
14.5723 -0.000298175 0.342613
14.7935 0.00356544 0.20204
14.9211 0.00575004 0.0960289
14.9807 0.00668671 0.0205879
14.9967 0.00675078 -0.0292808
14.9903 0.00625193 -0.0588151
14.9764 0.00543312 -0.0729894
14.9612 0.00447526 -0.0762119
14.9477 0.0035051 -0.0721763
