n_horizon: 5
zono3D
0.0209185 0.084725 33.525 188 0.00371653 0.0212152 0.084725 34.2051 188 0.00372297
0.0230245 0.087863 32.975 246 0.00411952 0.0234024 0.087863 33.641 246 0.0041287
0.024572 0.10205 36 295 0.00429654 0.024969 0.10205 36.7436 295 0.00430482
0.0243625 0.095459 34.25 264 0.0040646 0.024521 0.095459 34.9487 264 0.00406553
0.023916 0.091822 33.025 219 0.00412112 0.0242942 0.091822 33.6923 219 0.00412893
n_horizon: 10
zono3D
0.104014 0.329969 109.675 502 0.00905226 0.0987454 0.329969 99.6154 478 0.00918688
0.0979491 0.320209 102.775 471 0.00903588 0.0933087 0.320209 93.4615 471 0.00918242
0.100594 0.33017 108.95 492 0.00903936 0.0955834 0.33017 99.1282 482 0.00918083
0.103911 0.309644 110.75 480 0.00897925 0.0988134 0.309644 101.282 459 0.00912107
0.104605 0.330574 111.025 490 0.00898352 0.099693 0.330574 101.769 490 0.00912167
n_horizon: 15
zono3D
0.186397 0.49304 126.075 409 0.0140676 0.185375 0.49304 123.821 409 0.0141181
0.193041 0.582737 136.05 460 0.0141098 0.19119 0.582737 132.974 460 0.0141717
0.182005 0.489119 124.5 417 0.0140106 0.180662 0.489119 121.59 417 0.0140903
0.183082 0.477179 123.4 391 0.0138855 0.181318 0.477179 119.897 391 0.0139637
0.183493 0.518833 125 410 0.0139963 0.182376 0.518833 122.487 410 0.014069
n_horizon: 20
zono3D
0.359328 1.06951 193.225 682 0.0205869 0.361498 1.06951 193.923 682 0.0206228
0.357932 0.976214 192.275 636 0.0207565 0.362314 0.976214 194.077 636 0.0208045
0.349672 1.03085 189.6 652 0.0208286 0.351626 1.03085 190.077 652 0.0208664
0.372652 1.05973 201.225 686 0.020886 0.375604 1.05973 202.077 686 0.020931
0.359318 1.0198 193.75 646 0.0208 0.362632 1.0198 195.231 646 0.0208374
