n_horizon: 5
poly2
0.0333203 0.148129 17 135 0.00620291 0.0336819 0.148129 17.2653 135 0.0062082
0.0330962 0.151409 16.86 139 0.00600135 0.0334272 0.151409 17.1224 139 0.00600352
0.03312 0.149131 16.82 138 0.00615446 0.0335192 0.149131 17.0816 138 0.00616073
0.0327182 0.163837 17.26 167 0.0059821 0.0329804 0.163837 17.5306 167 0.00597664
0.032427 0.148591 16.88 141 0.00609052 0.0327461 0.148591 17.1429 141 0.00609268
nonconvpoly1
0.0137558 0.032952 12.12 49 0.00352689 0.0137985 0.032952 12.2245 49 0.00353729
0.014067 0.035175 11.96 48 0.0036272 0.0141356 0.035175 12.0612 48 0.00363986
0.014074 0.036953 12 51 0.00364083 0.0141434 0.036953 12.1224 51 0.00365272
0.0138273 0.03602 12 50 0.00358662 0.0138983 0.03602 12.102 50 0.00359963
0.0140318 0.031908 12.34 45 0.00365766 0.0141026 0.031908 12.449 45 0.00367033
zonopsu
0.0729605 0.293187 136.025 698 0.0049654 0.0737384 0.293187 137.696 698 0.00496576
0.0720041 0.28809 135.387 732 0.00492272 0.0728094 0.28809 137.051 732 0.00492348
0.0692788 0.272194 130.975 711 0.00492107 0.0700553 0.272194 132.582 711 0.00492193
0.0705947 0.279596 132.012 642 0.00492719 0.0713811 0.279596 133.633 642 0.00492793
0.0723411 0.295474 135.387 674 0.00491343 0.073154 0.295474 137.051 674 0.00491422
zonocost1
2.0776 15.314 443.15 4471 0.0384543 2.12976 15.314 454.462 4471 0.0384565
2.05716 15.6264 445.05 4858 0.0379969 2.10889 15.6264 456.41 4858 0.0379993
2.06875 15.5827 447.325 4704 0.0381597 2.12082 15.5827 458.744 4704 0.0381621
1.88716 13.0783 366.275 3243 0.0386319 1.93455 13.0783 375.615 3243 0.0386349
1.90753 13.2312 373.25 3252 0.0388466 1.95546 13.2312 382.769 3252 0.0388496
n_horizon: 10
poly2
0.0911719 0.479093 34.82 276 0.0178032 0.0912771 0.479093 34.9388 276 0.0178875
0.0919137 0.481364 35.06 284 0.0181454 0.0921816 0.481364 35.1429 284 0.0182213
0.091882 0.471407 34.98 270 0.0179598 0.091915 0.471407 35.0612 270 0.0180279
0.0938562 0.501905 36.28 292 0.0177319 0.0941771 0.501905 36.449 292 0.0178069
0.0903846 0.505885 34.18 282 0.0181189 0.090572 0.505885 34.3061 282 0.0181864
nonconvpoly1
0.0360295 0.16163 19.32 113 0.00796827 0.0360697 0.16163 19.3673 113 0.00798922
0.0372661 0.145297 19.94 99 0.00828793 0.037409 0.145297 20.102 99 0.00829934
0.0364065 0.138134 19.8 101 0.00802239 0.0365528 0.138134 19.8571 101 0.00805641
0.0367901 0.141664 20.74 99 0.00824586 0.0370172 0.141664 20.9184 99 0.00827474
0.0348693 0.137485 19.24 83 0.0079072 0.0349787 0.137485 19.3878 83 0.00792809
zonopsu
0.262545 0.936608 265.438 1171 0.0109913 0.26569 0.936608 268.747 1171 0.0109924
0.260582 0.910215 260.788 1199 0.0112623 0.263716 0.910215 264.038 1199 0.0112635
0.266809 0.905939 268.3 1131 0.011103 0.270018 0.905939 271.646 1131 0.0111041
0.272725 0.917495 284.087 1410 0.010872 0.276013 0.917495 287.633 1410 0.010873
0.26779 0.955941 269.775 1258 0.0112159 0.270825 0.955941 273.063 1258 0.0112179
zonocost1
7.93125 44.8125 751.775 5447 0.128361 7.85105 44.8125 749.462 5447 0.128205
7.82494 45.1777 733.85 5389 0.12925 7.75891 45.1777 732.615 5389 0.129135
7.85345 44.2281 736.775 5332 0.129986 7.77109 44.2281 733.795 5332 0.129865
7.88861 46.0007 741.175 5525 0.129351 7.82574 46.0007 739.949 5525 0.129276
7.85339 45.1334 740.55 5533 0.128959 7.80267 45.1334 740.846 5533 0.128915
n_horizon: 15
poly2
0.247584 1.90872 72.16 753 0.0336083 0.250393 1.90872 73.1224 753 0.0337014
0.252753 1.89508 73.28 751 0.0336004 0.255559 1.89508 74.1837 751 0.0336991
0.249786 1.88847 72.96 746 0.0335734 0.252746 1.88847 74 746 0.0336525
0.256847 1.93155 73.64 753 0.0334564 0.259975 1.93155 74.7347 753 0.033528
0.249374 1.87151 72.56 746 0.0336977 0.251944 1.87151 73.3265 746 0.0338089
nonconvpoly1
0.0623544 0.259929 26.52 136 0.0141962 0.0616049 0.259929 25.6531 136 0.0142908
0.0628656 0.258596 26.92 157 0.0143623 0.0624059 0.258596 26.4082 157 0.0144255
0.0626638 0.268667 26.68 150 0.014175 0.0621395 0.268667 26 150 0.0142635
0.062068 0.270534 26.62 151 0.0142856 0.0617946 0.270534 26.2449 151 0.0143615
0.0613669 0.266909 26.04 165 0.0142087 0.06092 0.266909 25.4694 165 0.0142794
zonopsu
0.676596 1.88088 462.812 1487 0.0183578 0.684906 1.88088 468.62 1487 0.0183589
0.669411 1.85856 455.288 1464 0.0182833 0.677538 1.85856 461 1464 0.0182842
0.66389 1.84162 449.025 1427 0.0184167 0.671799 1.84162 454.658 1427 0.0184174
0.661486 1.7832 446.212 1565 0.0183168 0.66961 1.7832 451.81 1565 0.018318
0.674246 1.78769 454.488 1497 0.0184313 0.682544 1.78769 460.19 1497 0.0184325
zonocost1
inf 60.256 inf 3291 0.265233 -0 0 -0 0 0
inf 60.1963 inf 3279 0.266032 -0 0 -0 0 0
inf 60.1805 inf 3301 0.264207 -0 0 -0 0 0
inf 60.2219 inf 3281 0.265453 -0 0 -0 0 0
inf 60.193 inf 3311 0.263728 -0 0 -0 0 0
n_horizon: 20
poly2
0.735417 7.38976 198.96 2280 0.049467 0.692714 7.38976 186.571 2280 0.0493464
0.735364 7.40522 198.9 2283 0.0493681 0.691424 7.40522 186.041 2283 0.049221
0.737581 7.40109 200.18 2284 0.0494761 0.694002 7.40109 187.408 2284 0.0493507
0.7313 7.39893 199.3 2281 0.0494373 0.687919 7.39893 186.633 2281 0.0493106
0.730879 7.41955 199.22 2283 0.0494114 0.686378 7.41955 186.224 2283 0.0492806
nonconvpoly1
0.10793 0.586963 39.36 295 0.0214671 0.108994 0.586963 39.8163 295 0.0215503
0.109808 0.596915 40.18 258 0.0214686 0.110837 0.596915 40.6939 258 0.0215361
0.112256 0.596492 42.3 308 0.0215042 0.113266 0.596492 42.8163 308 0.0215758
0.107597 0.553428 39.14 269 0.0212253 0.108564 0.553428 39.5918 269 0.0213015
0.109492 0.593978 40.28 294 0.0214337 0.110501 0.593978 40.7551 294 0.0215078
zonopsu
1.30237 3.09847 652.862 1780 0.0260697 1.30423 3.09847 652.405 1780 0.0261138
1.31939 3.04752 662.55 1736 0.0260404 1.32041 3.04752 661.557 1736 0.0260873
1.34629 3.10202 679.55 1744 0.0260109 1.34887 3.10202 679.544 1744 0.0260496
1.34718 3.22271 681.163 1850 0.0260958 1.35097 3.22271 681.949 1850 0.0261327
1.3257 3.12337 673.837 1844 0.0259168 1.32949 3.12337 674.633 1844 0.025954
zonocost1
inf 60.3285 inf 2237 0.399692 -0 0 -0 0 0
inf 60.3812 inf 2243 0.399434 -0 0 -0 0 0
inf 60.3792 inf 2238 0.40055 -0 0 -0 0 0
inf 60.329 inf 2235 0.400333 -0 0 -0 0 0
inf 60.3597 inf 2230 0.401234 -0 0 -0 0 0
