zono3D
-15 0 0
-14.5 0.240177 0.119268
-13.4999 0.87596 0.36124
-12.4997 1.7309 0.540394
-11.4996 2.61995 0.608616
-10.4994 3.33362 0.749869
-9.49933 3.72096 1.02599
-8.49926 3.79973 1.31249
-7.49918 3.65696 1.55309
-6.49908 3.33486 1.66828
-5.49906 2.8753 1.62497
-4.49904 2.35155 1.4756
-3.49898 1.82872 1.284
-2.49893 1.34835 1.0863
-1.49891 0.933584 0.909015
-0.498932 0.593852 0.773901
0.501034 0.329227 0.703615
1.50099 0.133786 0.718557
2.50095 0.169257 0.819849
3.50092 0.349481 0.996293
4.50086 0.668726 1.22403
5.50079 1.29605 1.46537
6.5007 1.83814 1.66702
7.50063 2.30839 1.78598
8.5005 2.83898 1.82034
9.50036 3.20425 1.78235
10.4997 3.33393 1.66896
11.4738 3.19332 1.47938
12.3684 2.84803 1.23982
13.1369 2.39957 0.987506
13.7589 1.92102 0.747231
14.2332 1.4615 0.533877
14.5714 1.0509 0.354801
14.7929 0.704405 0.211961
14.9207 0.426587 0.103708
14.9805 0.214885 0.0262188
14.9966 0.0623733 -0.0254092
14.9904 -0.040106 -0.0563777
14.9764 -0.102408 -0.0716636
14.9613 -0.134046 -0.0757028
14.9478 -0.143551 -0.0722299
