n_horizon: 5
zono3D
0.0709049 0.350931 93.8 520 0.00699744 0.0723382 0.350931 96.0256 520 0.0070037
0.0685482 0.280753 94.325 457 0.00686199 0.0698638 0.280753 96.4872 457 0.00686775
0.0695024 0.363593 91.875 543 0.00698973 0.0708322 0.363593 93.9744 543 0.00699654
0.0748731 0.438076 101.675 678 0.00705553 0.0764451 0.438076 104.103 678 0.00706167
0.0719993 0.345038 97.225 492 0.00697032 0.073496 0.345038 99.5385 492 0.00697633
n_horizon: 10
zono3D
0.248487 0.931805 190.625 927 0.0151719 0.230966 0.811529 171.744 791 0.0154308
0.25177 1.01638 191.525 1013 0.0151364 0.232165 0.819863 170.462 679 0.0153756
0.243798 0.909782 184.4 923 0.0151796 0.226722 0.811741 165.462 663 0.0154566
0.249804 1.02558 189.1 1036 0.0152734 0.229913 0.810903 167.385 732 0.0155641
0.24907 0.922362 189.6 926 0.015168 0.231806 0.851076 170.718 733 0.0154287
n_horizon: 15
zono3D
0.477616 1.29714 229.675 668 0.0250742 0.47414 1.29714 225.692 668 0.0252724
0.455906 1.16078 218.4 604 0.0249398 0.455201 1.16078 216.179 604 0.0251133
0.453005 1.19016 216.55 632 0.0250869 0.450315 1.19016 212.872 632 0.0252916
0.469663 1.22574 224.45 609 0.0250167 0.467747 1.22574 221.154 609 0.0252078
0.476892 1.34051 229.275 685 0.0250679 0.47438 1.34051 225.744 685 0.0252579
n_horizon: 20
zono3D
0.842538 2.34633 309 916 0.0357075 0.848916 2.34633 309.974 916 0.0358821
0.864752 2.34788 319.5 1041 0.0358588 0.872529 2.34788 321.077 1041 0.0360262
0.863166 2.32145 319.025 1031 0.0358787 0.868972 2.32145 319.769 1031 0.0360542
0.847473 2.19849 313.925 959 0.0355563 0.85123 2.19849 313.821 959 0.0357283
0.870746 2.36434 321.375 1049 0.0359655 0.87758 2.36434 322.462 1049 0.0361459
