poly2
-20 0
-19.5 -0.00498308
-18.4998 -0.0167758
-17.4995 -0.0326594
-16.4992 -0.0840441
-15.4989 -0.154197
-14.4988 -0.210828
-13.4986 -0.253669
-12.4983 -0.267221
-11.4981 -0.234804
-10.4979 -0.119425
-9.49766 0.111277
-8.49748 0.508634
-7.49733 1.09273
-6.4972 1.77253
-5.49707 2.47504
-4.49695 3.14977
-3.49685 3.74334
-2.49677 4.21565
-1.49671 4.51515
-0.496624 4.50408
0.50348 4.14234
1.50353 3.57738
2.50359 2.92549
3.50363 2.27293
4.50363 1.67364
5.50361 1.15628
6.50355 0.732723
7.5035 0.403054
8.50346 0.1599
9.50342 -0.00846279
10.5034 -0.115552
11.5033 -0.174899
12.5033 -0.198952
13.5029 -0.198633
14.5026 -0.182717
15.5024 -0.157922
16.4763 -0.129433
17.3686 -0.100865
18.1332 -0.074537
18.75 -0.0517485
19.2184 -0.0330479
19.5501 -0.0184586
19.7636 -0.00766561
19.8822 -0.000163874
19.9356 0.0046381
19.9496 0.00733446
19.9411 0.00846934
19.9219 0.00851554
19.8996 0.00786232
19.8785 0.00681442
nonconvpoly1
-20 0
-19.5 0.109125
-18.4999 0.417646
-17.4996 0.885138
-16.4993 1.40117
-15.499 1.88123
-14.4988 2.3286
-13.4985 2.73671
-12.4983 2.99925
-11.498 3.04989
-10.4978 2.96523
-9.49766 2.74925
-8.49743 2.40082
-7.4972 1.98787
-6.49705 1.56328
-5.49693 1.16174
-4.49683 0.806887
-3.49668 0.512086
-2.49652 0.300216
-1.4964 0.190648
-0.49631 0.182891
0.503757 0.274802
1.50378 0.454101
2.50375 0.701348
3.50375 1.00106
4.50374 1.34125
5.50374 1.70485
6.50376 2.06731
7.5036 2.39398
8.50343 2.63077
9.50345 2.70377
10.5034 2.57229
11.5033 2.28253
12.5032 1.91478
13.503 1.5266
14.503 1.15639
15.5028 0.82727
16.4776 0.550731
17.372 0.329918
18.1395 0.162385
18.76 0.0423081
19.2327 -0.0378313
19.5691 -0.0860322
19.7882 -0.109962
19.9142 -0.116464
19.9724 -0.111305
19.9863 -0.0991057
19.9767 -0.0833805
19.9579 -0.066659
19.9372 -0.0506376
19.9184 -0.036345
zonopsu
-37.5 0
-37 2.45678e-19
-35.9997 0.00122255
-34.999 0.00512921
-33.9983 0.00434772
-32.9976 -0.0110779
-31.997 -0.0462599
-30.9963 -0.107123
-29.9957 -0.123633
-28.9954 -0.0307442
-27.9953 0.00219962
-26.995 -0.160564
-25.9947 -0.460858
-24.9944 -0.840219
-23.9939 -1.25571
-22.9934 -1.66647
-21.9928 -2.00009
-20.9923 -2.18677
-19.9918 -2.2426
-18.9913 -2.23165
-17.9908 -2.19752
-16.9903 -2.16967
-15.9899 -2.15567
-14.9894 -2.1432
-13.989 -2.10713
-12.9887 -2.00035
-11.9886 -1.79298
-10.9884 -1.50364
-9.98817 -1.16038
-8.98794 -0.789136
-7.98771 -0.419536
-6.9877 -0.0231481
-5.98771 0.432305
-4.98773 0.931774
-3.98773 1.45583
-2.98773 1.97598
-1.98774 2.44638
-0.987752 2.79479
0.0121874 2.92416
1.01214 2.71014
2.01207 1.99999
3.01182 0.99995
4.00591 -9.97152e-05
5.00023 -1.00005
6.00024 -1.99995
7.00017 -2.70281
8.00012 -2.90179
8.99999 -2.76237
9.99996 -2.42084
11.0001 -1.99339
12.0003 -1.58643
13.0004 -1.26099
14.0002 -1.02782
15.0001 -0.876148
16.0001 -0.800523
17.0001 -0.790211
18.0002 -0.8409
19.0002 -0.970746
20.0002 -1.18104
21.0002 -1.45356
22.0003 -1.74831
23.0003 -2.00031
24.0002 -2.15673
25.0002 -2.22505
26.0001 -2.23903
27.0001 -2.21353
28.0001 -2.14289
29 -2.00061
30 -1.77077
31 -1.48216
31.9999 -1.1791
32.9996 -0.89107
33.9741 -0.635691
34.8687 -0.421611
35.6372 -0.251054
36.2592 -0.121961
36.7335 -0.0296952
37.0715 0.0316515
37.2926 0.0683304
37.4206 0.0863099
37.4806 0.0908997
zonocost1
0 2.5
0.499999 2.50389
1.49999 2.49783
2.50003 2.43314
3.50014 2.26548
4.50019 2.00193
5.50021 1.63031
6.50025 1.13841
7.50034 0.574769
8.50038 -0.0143336
9.50036 -0.569438
10.5005 -1.00003
11.5007 -1.25361
12.5007 -1.36708
13.5006 -1.39939
14.5006 -1.36899
15.5005 -1.25546
16.5005 -1.00002
17.5004 -0.575561
18.5003 -0.000303902
19.5002 0.616463
20.4999 1.16575
21.4753 1.63269
22.3711 2.0057
23.1406 2.28485
23.7636 2.48029
24.2386 2.60656
24.5767 2.6785
24.7973 2.70997
24.9241 2.71312
24.9828 2.698
24.9987 2.67244
24.994 2.64229
24.9831 2.61161
24.9715 2.58307
24.9612 2.55817
24.953 2.5376
24.9469 2.52145
24.9427 2.50941
24.9402 2.50097
24.9388 2.49549
