n_horizon: 5
poly2
0.00918652 0.022238 9.72 55 0.00224425 0.00923494 0.022238 9.83673 55 0.00223989
0.0095542 0.029417 9.76 59 0.00226027 0.00963529 0.029417 9.87755 59 0.00226067
0.00909026 0.025455 9.4 53 0.0022281 0.009159 0.025455 9.5102 53 0.00222831
0.00938992 0.025664 10.36 52 0.00220917 0.00945586 0.025664 10.4898 52 0.00220623
0.00897458 0.024398 9.78 58 0.00218019 0.00904429 0.024398 9.89796 58 0.00218102
nonconvpoly1
0.00782904 0.016029 7.52 39 0.00228249 0.00788396 0.016029 7.59184 39 0.00228202
0.0082898 0.015484 7.7 40 0.00233494 0.0083272 0.015484 7.77551 40 0.00233473
0.00830426 0.014912 7.58 29 0.00239417 0.00833718 0.014912 7.65306 29 0.00238867
0.00857684 0.01518 8.16 39 0.00229994 0.00863771 0.01518 8.2449 39 0.00229637
0.00802674 0.013897 7.3 34 0.00231768 0.00804265 0.013897 7.36735 34 0.00230868
zonopsu
0.0123643 0.027339 19.325 69 0.00218537 0.0123462 0.027339 19.519 69 0.00217292
0.0143233 0.035312 21.1375 81 0.00236066 0.0143555 0.035312 21.3418 81 0.00235205
0.0130083 0.026227 18.7875 76 0.0022837 0.0130426 0.026227 18.9747 76 0.0022819
0.012855 0.031275 18.5 78 0.00226422 0.012852 0.031275 18.6835 78 0.00225939
0.0135586 0.028172 19.1375 69 0.00231656 0.0135151 0.028172 19.3291 69 0.00230867
zonocost1
0.045121 0.164407 120.425 524 0.00160104 0.0460326 0.164407 123.256 524 0.00160066
0.0448693 0.178432 120.3 501 0.0016091 0.0458101 0.178432 123.282 501 0.00160897
0.0442028 0.164644 120.2 530 0.00158441 0.045148 0.164644 123.179 530 0.00158471
0.043155 0.150731 122.375 550 0.00156808 0.0440045 0.150731 125.41 550 0.0015674
0.0446573 0.163083 121.4 496 0.001594 0.045545 0.163083 124.41 496 0.00159335
n_horizon: 10
poly2
0.0167692 0.056627 18.52 116 0.00331246 0.0167743 0.056627 18.5714 116 0.00331219
0.0161707 0.05349 16.46 116 0.00339381 0.0161829 0.05349 16.2449 116 0.00342524
0.016757 0.056504 17.32 134 0.00337716 0.0167287 0.056504 17.3265 134 0.0033863
0.0166986 0.06468 16.86 108 0.00339903 0.0166675 0.06468 16.7551 108 0.00340749
0.016795 0.057702 16.24 109 0.00342363 0.0168327 0.057702 16.2857 109 0.00343046
nonconvpoly1
0.0147917 0.032842 14.36 80 0.00313879 0.0144233 0.032189 14.0408 80 0.00314038
0.0152139 0.032234 14.48 50 0.00316646 0.0149031 0.032234 14.3265 50 0.00316514
0.0148794 0.027377 14.58 60 0.00316703 0.0146348 0.027377 14.3061 60 0.00316898
0.0150616 0.030315 14.54 65 0.00316022 0.0148595 0.030315 14.3265 65 0.00316505
0.0153729 0.035842 14.86 62 0.00317553 0.0149551 0.028264 14.6327 62 0.00316538
zonopsu
0.024099 0.059023 38.4875 133 0.00316871 0.024163 0.059023 38.8861 133 0.0031599
0.0236636 0.05541 38.25 138 0.0031663 0.0237271 0.05541 38.6456 138 0.00315944
0.0232648 0.081138 38.225 135 0.00306345 0.0233035 0.081138 38.6203 135 0.00305414
0.0253274 0.059401 41.525 122 0.00314822 0.0252069 0.059401 41.962 122 0.00313265
0.0237597 0.067513 38.8 129 0.00308632 0.0236588 0.067513 39.2025 129 0.00307155
zonocost1
0.298104 1.16661 1046.85 4712 0.00286746 0.294316 1.16661 1014.85 4712 0.00291489
0.329201 1.33183 1074 4620 0.00311406 0.326646 1.33183 1048.03 4620 0.00316387
0.363694 1.49955 1066.92 4551 0.00345696 0.359993 1.49955 1040.13 4551 0.00350459
0.361106 1.48771 1040.9 4708 0.0035042 0.357328 1.48771 1011.9 4708 0.00355775
0.343595 1.47971 1006.4 4730 0.00340268 0.339165 1.47971 976.026 4730 0.0034552
n_horizon: 15
poly2
0.0349896 0.165709 29.64 221 0.00605934 0.035166 0.165709 29.7551 221 0.00608664
0.0344677 0.1579 30.26 237 0.00611218 0.034575 0.1579 30.3878 237 0.00613689
0.0337873 0.159528 29.8 227 0.00610318 0.0339581 0.159528 30.0408 227 0.0061187
0.0335935 0.166287 30.38 237 0.00601653 0.0337872 0.166287 30.3878 237 0.00605516
0.0338 0.165276 29.08 238 0.00612694 0.0340039 0.165276 29.3469 238 0.00614637
nonconvpoly1
0.0234549 0.057141 16.84 72 0.00485923 0.0232149 0.057141 16.102 72 0.00492167
0.0227588 0.059901 15.86 73 0.00493989 0.0226851 0.059901 15.3878 73 0.00500463
0.0233942 0.057576 17.74 77 0.00483852 0.0231764 0.057576 16.7551 77 0.00493159
0.0233689 0.058494 16.96 79 0.00488441 0.023179 0.058494 16.2857 79 0.00494958
0.0220291 0.053198 15.72 72 0.00483656 0.0217874 0.053198 15.0204 72 0.00489218
zonopsu
0.0478589 0.119478 65.8125 177 0.00498738 0.0480603 0.119478 66.5443 177 0.0049803
0.050288 0.142666 67.6875 202 0.00492578 0.0506615 0.142666 68.4557 202 0.0049209
0.0482427 0.133016 64.95 184 0.00503813 0.0484 0.133016 65.6835 184 0.00503377
0.0503986 0.17229 67.2375 241 0.00502801 0.050652 0.17229 68.0253 241 0.00502455
0.0507572 0.133679 68.7875 187 0.00503507 0.0508301 0.133679 69.4937 187 0.00502217
zonocost1
2.7971 16.9296 6356.4 50015 0.00489609 2.73302 16.9296 6252.69 50015 0.00484037
3.05393 18.0126 7000.93 50015 0.00479494 3.00953 18.0126 6940.67 50015 0.00474597
2.79719 16.9755 6361.68 50012 0.00489186 2.73686 16.9755 6265.1 50012 0.0048383
3.08672 18.1355 7055.7 50015 0.00481485 3.02048 18.1355 6951.72 50015 0.00475715
2.97447 15.1122 6852.38 37457 0.00481909 2.90871 15.1122 6749.44 37457 0.0047618
n_horizon: 20
poly2
0.0843106 0.744373 78.74 991 0.00882044 0.0822724 0.744373 74.8776 991 0.00894493
0.082245 0.729852 76.8 967 0.00888933 0.0798425 0.729852 72.6735 967 0.00901455
0.08015 0.746954 75.74 999 0.0088067 0.0781899 0.746954 71.6531 999 0.00895178
0.0831692 0.710399 78.22 946 0.00890022 0.0811334 0.710399 74 946 0.00903384
0.0800675 0.703152 74.26 937 0.00882314 0.0773302 0.703152 69.8367 937 0.00894765
nonconvpoly1
0.0354582 0.11194 23.42 107 0.006873 0.0356837 0.11194 23.6735 107 0.0068839
0.0360726 0.099141 22.94 114 0.00690337 0.0363092 0.099141 23.1633 114 0.0069198
0.0351187 0.105005 22.68 116 0.00688643 0.0352628 0.105005 22.8163 116 0.0069069
0.0357374 0.108529 22.32 110 0.00689859 0.0360271 0.108529 22.6122 110 0.00690948
0.0356355 0.104332 23.18 94 0.00680516 0.0359469 0.104332 23.4898 94 0.00681337
zonopsu
0.0796066 0.15017 99.1875 212 0.00617133 0.0787346 0.15017 98.481 212 0.00610414
0.0790497 0.176757 99.425 224 0.00620953 0.0786202 0.176757 99.0886 224 0.00615736
0.0796722 0.161827 98.6875 269 0.00611304 0.0790437 0.161827 97.9873 269 0.00604702
0.0762203 0.175183 95.65 236 0.00609411 0.0760114 0.175183 95.4557 236 0.00605425
0.0785985 0.166504 99.1875 267 0.00612861 0.0780265 0.166504 98.7468 267 0.00607488
zonocost1
11.4632 35.4729 18542.8 50015 0.00634631 10.8476 31.475 17735.8 50015 0.00622749
10.8312 35.532 17282.5 50015 0.00641749 10.1979 30.6621 16443.2 50015 0.00629205
11.3238 35.5248 18449.8 50015 0.00633469 10.7033 30.4836 17640.4 50015 0.00621147
11.4199 35.5688 18477.7 50015 0.0063528 10.8007 31.4085 17669 50015 0.00623127
11.4617 35.5025 18559.8 50015 0.00635937 10.8453 31.4127 17753.3 50015 0.00623935
