n_horizon: 5
poly2
0.00408234 0.019388 3.86 17 0.000795699 0.00409102 0.019388 3.85714 17 0.000798016
0.00400974 0.018743 3.86 17 0.000784611 0.00402463 0.018743 3.85714 17 0.000787481
0.00400852 0.018655 3.86 17 0.000784197 0.00402216 0.018655 3.85714 17 0.00078681
0.00400526 0.018685 3.86 17 0.000784187 0.00402004 0.018685 3.85714 17 0.000787063
0.00401164 0.01885 3.86 17 0.000784694 0.00402539 0.01885 3.85714 17 0.000787376
nonconvpoly1
0.00330556 0.008764 3.5 9 0.000735291 0.0033052 0.008764 3.4898 9 0.000736404
0.00330572 0.008712 3.5 9 0.000736091 0.00330569 0.008712 3.4898 9 0.000737345
0.00329864 0.008686 3.5 9 0.00073416 0.00329837 0.008686 3.4898 9 0.000735374
0.00329936 0.008688 3.5 9 0.000734246 0.00329927 0.008688 3.4898 9 0.000735468
0.00329808 0.008675 3.5 9 0.000734297 0.00329786 0.008675 3.4898 9 0.000735532
zonopsu
0.00504626 0.018884 5.35 18 0.000775621 0.00506715 0.018884 5.39241 18 0.000773707
0.00504904 0.018884 5.35 18 0.000776061 0.00507094 0.018884 5.39241 18 0.000774197
0.00504905 0.018899 5.35 18 0.000775287 0.005071 0.018899 5.39241 18 0.000773415
0.00505396 0.018861 5.35 18 0.000776336 0.00507552 0.018861 5.39241 18 0.00077442
0.00504558 0.018905 5.35 18 0.000775201 0.00506734 0.018905 5.39241 18 0.00077334
zonocost1
0.0529059 0.263508 52.875 278 0.000796579 0.0540934 0.263508 54.1282 278 0.000796863
0.052944 0.264851 52.875 278 0.000797354 0.0541315 0.264851 54.1282 278 0.000797631
0.0530579 0.266062 52.875 278 0.00079897 0.0542484 0.266062 54.1282 278 0.00079925
0.0528857 0.263878 52.875 278 0.000796795 0.0540721 0.263878 54.1282 278 0.000797066
0.0528835 0.263416 52.875 278 0.000796942 0.0540703 0.263416 54.1282 278 0.00079723
n_horizon: 10
poly2
0.0140343 0.125764 6.5 58 0.00171552 0.0141053 0.125764 6.5102 58 0.00172225
0.0139892 0.12401 6.5 58 0.00171463 0.0140589 0.12401 6.5102 58 0.00172134
0.0139885 0.124212 6.5 58 0.00171418 0.0140587 0.124212 6.5102 58 0.00172089
0.0139902 0.124884 6.5 58 0.00171515 0.0140582 0.124884 6.5102 58 0.00172179
0.0139735 0.124014 6.5 58 0.00171314 0.0140432 0.124014 6.5102 58 0.00171987
nonconvpoly1
0.0113434 0.061795 6.32 36 0.00144354 0.011094 0.061795 6.14286 36 0.00145007
0.0113394 0.061148 6.32 36 0.0014442 0.0110905 0.061148 6.14286 36 0.00145096
0.0113295 0.061207 6.32 36 0.00144259 0.0110778 0.061207 6.14286 36 0.00144889
0.0113218 0.06119 6.32 36 0.00144141 0.0110718 0.06119 6.14286 36 0.00144786
0.0113361 0.061029 6.32 36 0.00144283 0.0110864 0.061029 6.14286 36 0.00144937
zonopsu
0.0173974 0.05533 10.325 31 0.00139523 0.0175381 0.05533 10.4304 31 0.00139244
0.0174041 0.055444 10.325 31 0.00139591 0.0175451 0.055444 10.4304 31 0.00139314
0.0174134 0.05534 10.325 31 0.00139711 0.0175545 0.05534 10.4304 31 0.00139435
0.0174025 0.0554 10.325 31 0.00139622 0.0175434 0.0554 10.4304 31 0.00139343
0.0174248 0.055498 10.325 31 0.00139685 0.0175659 0.055498 10.4304 31 0.00139406
zonocost1
1.18486 6.84784 594.375 3549 0.00157503 1.19196 6.84784 598.026 3549 0.00157497
1.18537 6.85499 594.375 3549 0.00157636 1.1926 6.85499 598.026 3549 0.00157631
1.18478 6.85517 594.375 3549 0.00157563 1.19201 6.85517 598.026 3549 0.00157559
1.1851 6.85455 594.375 3549 0.00157618 1.19232 6.85455 598.026 3549 0.00157611
1.18524 6.85321 594.375 3549 0.00157592 1.1925 6.85321 598.026 3549 0.0015759
n_horizon: 15
poly2
0.0438204 0.368581 11.9 104 0.00305162 0.0444115 0.368581 12.0408 104 0.00305809
0.0438988 0.368829 11.9 104 0.0030541 0.044494 0.368829 12.0408 104 0.00306066
0.0438028 0.368235 11.9 104 0.00305126 0.0443958 0.368235 12.0408 104 0.00305782
0.0439119 0.369467 11.9 104 0.00305652 0.0445066 0.369467 12.0408 104 0.00306309
0.0438101 0.368061 11.9 104 0.0030525 0.0444006 0.368061 12.0408 104 0.00305901
nonconvpoly1
0.020932 0.080412 7.28 31 0.00239849 0.0197181 0.074534 6.79592 26 0.00242525
0.0208952 0.080128 7.28 31 0.0023943 0.0196863 0.074382 6.79592 26 0.002422
0.0209028 0.079942 7.28 31 0.00239414 0.0196979 0.074672 6.79592 26 0.00242178
0.020903 0.079799 7.28 31 0.00239457 0.019701 0.074841 6.79592 26 0.00242272
0.0208891 0.080313 7.28 31 0.00239314 0.0196764 0.074481 6.79592 26 0.00242004
zonopsu
0.0439483 0.146843 17.2625 58 0.0021046 0.0443895 0.146843 17.4557 58 0.00210209
0.0440306 0.147555 17.2625 58 0.00210646 0.0444727 0.147555 17.4557 58 0.00210396
0.0439567 0.146953 17.2625 58 0.0021036 0.044398 0.146953 17.4557 58 0.0021011
0.0439996 0.146667 17.2625 58 0.0021054 0.0444414 0.146667 17.4557 58 0.0021029
0.043939 0.146875 17.2625 58 0.00210404 0.0443802 0.146875 17.4557 58 0.00210154
zonocost1
53.1976 60.0066 16223 18847 0.00250069 78.2993 60.0066 23773 18847 0.00249548
53.1715 60.0086 16281.5 18964 0.00249834 78.3507 60.0086 23890 18964 0.00249185
53.1959 60.0072 16267 18935 0.00250089 78.3822 60.0072 23861 18935 0.0024945
53.1779 60.0069 16253 18907 0.0025 78.3836 60.0069 23833 18907 0.00249402
53.1564 60.0075 16273 18947 0.0024981 78.3249 60.0075 23873 18947 0.00249135
n_horizon: 20
poly2
0.277199 4.08418 57.26 890 0.00409597 0.258695 4.08418 53.4898 890 0.00410831
0.277124 4.07984 57.26 890 0.00409505 0.258633 4.07984 53.4898 890 0.0041073
0.277332 4.08335 57.26 890 0.0040971 0.25886 4.08335 53.4898 890 0.00410976
0.277414 4.08193 57.26 890 0.00409857 0.258946 4.08193 53.4898 890 0.00411119
0.277484 4.08892 57.26 890 0.00409994 0.259031 4.08892 53.4898 890 0.00411282
nonconvpoly1
0.0392815 0.177852 9.36 41 0.00354518 0.0398598 0.177852 9.4898 41 0.00354921
0.0393162 0.17803 9.36 41 0.003547 0.0398967 0.17803 9.4898 41 0.00355109
0.0393155 0.177664 9.36 41 0.00354858 0.0398967 0.177664 9.4898 41 0.0035527
0.039342 0.178652 9.36 41 0.00355042 0.0399229 0.178652 9.4898 41 0.00355447
0.039286 0.177289 9.36 41 0.00354475 0.0398664 0.177289 9.4898 41 0.00354884
zonopsu
0.0822756 0.248098 24 60 0.00277424 0.0814345 0.248098 23.9114 60 0.0027509
0.0823463 0.247693 24 60 0.00277638 0.0815138 0.247693 23.9114 60 0.00275324
0.0823221 0.24784 24 60 0.00277632 0.0814852 0.24784 23.9114 60 0.00275308
0.0822883 0.247859 24 60 0.00277403 0.0814536 0.247859 23.9114 60 0.00275084
0.0823196 0.248032 24 60 0.00277538 0.0814857 0.248032 23.9114 60 0.00275224
zonocost1
inf 60.0042 inf 10913 0.0040503 -0 0 -0 0 0
inf 60.0066 inf 10912 0.00405174 -0 0 -0 0 0
inf 60.0047 inf 10900 0.00405589 -0 0 -0 0 0
inf 60.0071 inf 10920 0.00405166 -0 0 -0 0 0
inf 60.0046 inf 10925 0.00404983 -0 0 -0 0 0
