zono3D
-15 0 0
-14.5 0.239488 7.91271e-20
-13.4999 0.874503 8.8333e-19
-12.4998 1.73162 2.09499e-18
-11.4996 2.62205 2.28287e-18
-10.4994 3.3336 1.6113e-18
-9.49931 3.71933 9.85897e-19
-8.49922 3.802 -1.22959e-18
-7.49914 3.66024 -4.17418e-18
-6.49906 3.33528 0.00162971
-5.49899 2.87637 0.00819681
-4.49893 2.35299 0.0238132
-3.4989 1.83028 0.0535306
-2.49887 1.34987 0.0949604
-1.49885 0.934956 0.149026
-0.49884 0.595057 0.225499
0.501146 0.330266 0.334781
1.50111 0.134634 0.487688
2.50106 -0.00116803 0.688138
3.50098 -0.0878813 0.930198
4.50087 -0.136277 1.19665
5.50077 -0.156309 1.45738
6.50068 -0.156613 1.66707
7.50061 -0.144283 1.78876
8.50052 -0.124863 1.82328
9.5001 -0.102465 1.78476
10.4996 -0.0799539 1.66717
11.4745 -0.0591706 1.47115
12.3695 -0.0411537 1.22813
13.1381 -0.026346 0.97455
13.7601 -0.014774 0.734498
14.2342 -0.00619558 0.522306
14.5722 -0.000216699 0.344898
14.7934 0.00362247 0.203916
14.9211 0.00578688 0.0974944
14.9807 0.0067077 0.0216734
14.9967 0.00675996 -0.0285251
14.9903 0.00625282 -0.0583306
14.9764 0.00542865 -0.0727171
14.9612 0.00446771 -0.0760969
14.9478 0.00349619 -0.0721711
