n_horizon: 5
zono3D
0.0360908 0.198702 99.25 519 0.00332877 0.0367992 0.198702 101.615 519 0.00333094
0.0345277 0.194912 95.9 446 0.00328749 0.0352279 0.194912 98.1026 446 0.0032914
0.0364944 0.186284 97.675 543 0.00354953 0.0372548 0.186284 99.9231 543 0.00355417
0.0345039 0.184441 90.45 482 0.0034742 0.0352161 0.184441 92.5128 482 0.003479
0.0363892 0.232986 97.75 500 0.00328192 0.0371435 0.232986 100 500 0.00328593
n_horizon: 10
zono3D
0.107385 0.377858 191.05 872 0.00575573 0.10045 0.342261 173.59 733 0.00588844
0.109576 0.411922 198.725 934 0.00572068 0.101823 0.375428 179.872 748 0.00586022
0.106175 0.385153 192 912 0.00575084 0.0990218 0.344574 173.538 664 0.00589882
0.106239 0.35742 194.525 861 0.00570944 0.0997983 0.339578 177.436 714 0.00583578
0.112287 0.379904 206.425 902 0.00576904 0.105425 0.372171 188.59 808 0.00590983
n_horizon: 15
zono3D
0.185371 0.505277 229.575 695 0.00871875 0.184117 0.505277 225.641 695 0.00882162
0.18411 0.452412 227.425 610 0.00869075 0.183213 0.452412 224.231 610 0.00878369
0.182005 0.448682 225.675 602 0.00861632 0.181573 0.448682 222.846 602 0.00871239
0.18932 0.518077 233.275 713 0.00883809 0.188589 0.518077 230.026 713 0.00894115
0.192766 0.480514 237.65 630 0.00874264 0.19127 0.480514 233.179 630 0.00884707
n_horizon: 20
zono3D
0.330871 0.910049 324.35 1028 0.0116868 0.333695 0.910049 325.821 1028 0.0117661
0.3394 0.907981 334.575 1025 0.0116094 0.341639 0.907981 335.231 1025 0.0116938
0.330862 0.843618 328.125 945 0.011602 0.333933 0.843618 329.795 945 0.0116774
0.334901 0.915491 329.125 1037 0.0116611 0.33804 0.915491 330.769 1037 0.0117394
0.32709 0.780899 320.325 870 0.0116017 0.329212 0.780899 320.821 870 0.0116922
