zono3D
-15   0   0   0   0   0 0.999996 0.480426 0.140403
    -14.5  0.999996  0.240213  0.480426 0.0702017  0.140403 0.00012307   0.310794   0.105236
-13.4999  1.00012 0.876037  0.79122 0.263223 0.245639 4.66561e-05    0.131423   -0.119969
-12.4998  1.00017  1.73297 0.922643 0.448878  0.12567 9.54539e-05  -0.0657658  -0.0870639
 -11.4996   1.00026   2.62273  0.856878  0.531016 0.0386065 -0.000120226    -0.292006     0.241797
-10.4994  1.00014   3.3336 0.564872 0.690521 0.280404 1.14076e-05   -0.359244    0.107154
-9.49924  1.00015  3.71885 0.205628   1.0245 0.387557 -7.97701e-06    -0.255793   -0.0293111
  -8.49909    1.00014    3.79658 -0.0501654     1.3974   0.358246 -3.92739e-05    -0.187591    -0.175973
 -7.49896   1.00011   3.65262 -0.237757   1.66766  0.182273 -0.000153065    -0.156393    -0.224047
  -6.49894   0.999952    3.33667   -0.39415    1.73791 -0.0417736 -2.71578e-05    -0.108946    -0.120778
   -5.499  0.999925   2.88805 -0.503096   1.63575 -0.162551 5.98661e-05  -0.0293234  -0.0572876
 -4.49904  0.999985   2.37029 -0.532419   1.44456 -0.219839 -4.87292e-05    0.0238308   -0.0102099
 -3.49908  0.999936   1.84979 -0.508588   1.21961 -0.230049 8.1997e-07  0.0559567  0.0135747
 -2.49914  0.999937   1.36918 -0.452632  0.996349 -0.216474 2.81867e-06   0.0719111   0.0446612
 -1.49921   0.99994    0.9525  -0.38072  0.802206 -0.171813 -7.2645e-06   0.0764394   0.0616547
-0.499269  0.999933  0.609999 -0.304281   0.66122 -0.110159 4.73545e-05   0.0731639   0.0652107
  0.500687    0.99998     0.3423  -0.231117   0.583667 -0.0449479 -7.61237e-05      0.06526    0.0763764
  1.50063  0.999904  0.143813 -0.165857  0.576907 0.0314285 -8.76967e-05    0.0549769    0.0777815
   2.50049   0.999816 0.00544426   -0.11088   0.647226    0.10921 -0.00030961   0.0440048   0.0695889
   3.50015   0.999507 -0.0834336 -0.0668755   0.791231   0.178799 -0.018267 0.0334837 0.0511575
   4.49052    0.98124  -0.133567 -0.0333918   0.995608   0.229956 -0.0328445  0.0240653  0.0215355
    5.45534    0.948395   -0.154926 -0.00932646     1.23633    0.251492  0.0495285  0.0161319 -0.0213158
    6.4285   0.997924  -0.156187 0.00680541    1.47717   0.230176 0.00199749 0.00976277 -0.0803315
  7.42742  0.999921   -0.1445 0.0165682   1.66718  0.149845 -7.6208e-06  0.00491561   -0.105354
  8.42734  0.999914 -0.125474 0.0214838   1.76434 0.0444903 -5.27692e-05   0.00142385   -0.0923428
   9.42723   0.999861  -0.103278  0.0229076    1.76266 -0.0478525 -0.000136604 -0.000921614   -0.0953493
    10.427   0.999724 -0.0808316   0.021986    1.66714  -0.143202  -0.0433967 -0.00234731  -0.0760287
    11.405   0.956327 -0.0600192  0.0196387    1.48592  -0.219231   -0.107055 -0.00307085  -0.0310064
   12.3078   0.849272 -0.0419159  0.0165679    1.25119  -0.250237   -0.140417 -0.00328785 0.000208265
  13.0869  0.708855 -0.026992   0.01328   1.00105 -0.250029   -0.150852 -0.00316366   0.0201375
   13.7203   0.558003 -0.0152938  0.0101164   0.761093  -0.229891   -0.145391 -0.00283125   0.0312636
    14.2056    0.412612 -0.00659306   0.0072851    0.546834   -0.198628   -0.129735 -0.00239236    0.035873
     14.5534     0.282877 -0.000504137   0.00489274     0.366143    -0.162755   -0.107994 -0.00192049   0.0359486
   14.7823   0.174884 0.00342835 0.00297224   0.221362  -0.126806 -0.0833533 -0.0014653  0.0331211
   14.9155  0.0915304 0.00566795 0.00150694   0.111117 -0.0936848  -0.0566577 -0.00105711   0.0286605
    14.9787   0.0348728  0.00664633 0.000449827   0.0317625  -0.0650244   -0.033845 -0.00071172   0.0235206
     14.9966   0.00102781   0.00674029 -0.000261893   -0.0215016   -0.0415038  -0.0131015 -0.00043402   0.0183539
     14.9911   -0.0120737   0.00626139 -0.000695913   -0.0538284   -0.0231498  -0.00339805 -0.000221797    0.0135834
    14.9773  -0.0154718  0.00545458 -0.00091771  -0.0701866 -0.00956641  0.000541391 -6.83996e-05    0.0094477
     14.9621   -0.0149304   0.00450267  -0.00098611   -0.0750291 -0.000118715  0.00259989 3.51275e-05  0.00604831
