poly2
-20 0
-19.5 -0.0156972
-18.4999 -0.0589438
-17.4996 -0.122543
-16.4993 -0.202479
-15.4991 -0.268169
-14.4988 -0.296131
-13.4986 -0.298468
-12.4984 -0.280937
-11.4981 -0.221298
-10.4979 -0.0984823
-9.49767 0.0943344
-8.49748 0.419112
-7.49731 0.889482
-6.49715 1.47974
-5.497 2.20288
-4.49687 2.95155
-3.49676 3.61229
-2.49664 4.08625
-1.49654 4.3774
-0.496459 4.41765
0.503619 4.11032
1.50369 3.58738
2.50372 2.96308
3.50372 2.323
4.50374 1.72632
5.50375 1.20638
6.50372 0.777156
7.50369 0.440309
8.50366 0.189588
9.50362 0.0140124
10.5036 -0.0994854
11.5035 -0.164215
12.5035 -0.192562
13.5032 -0.195501
14.5029 -0.181918
15.5026 -0.158679
16.4765 -0.131123
17.3687 -0.103018
18.1333 -0.0768126
18.7501 -0.0539207
19.2184 -0.0349805
19.5501 -0.0200834
19.7636 -0.00896376
19.8822 -0.00114942
19.9356 0.00393118
19.9496 0.00686217
19.941 0.00818481
19.9219 0.00837377
19.8996 0.00782315
19.8785 0.00684396
nonconvpoly1
-20 0
-19.5 0.0722581
-18.4999 0.278876
-17.4996 0.655419
-16.4993 1.14394
-15.499 1.63694
-14.4988 2.1242
-13.4985 2.58634
-12.4983 2.90152
-11.4981 2.99489
-10.4979 2.9229
-9.49767 2.71148
-8.49749 2.38046
-7.49732 1.98052
-6.49717 1.56693
-5.49703 1.17499
-4.49691 0.827306
-3.49677 0.535278
-2.49661 0.323302
-1.49649 0.211786
-0.496392 0.200833
0.503676 0.28904
1.50374 0.463574
2.50377 0.706481
3.50378 1.00382
4.50379 1.34137
5.50379 1.70265
6.50378 2.06452
7.50362 2.39172
8.50347 2.62961
9.50343 2.70383
10.5033 2.57329
11.5032 2.28405
12.5032 1.91651
13.503 1.52833
14.5027 1.158
15.5025 0.828677
16.4774 0.551895
17.3719 0.330833
18.1394 0.163068
18.7599 0.0427877
19.2326 -0.0375198
19.5691 -0.0858531
19.7882 -0.109882
19.9142 -0.116453
19.9724 -0.11134
19.9863 -0.0991668
19.9767 -0.0834535
19.9579 -0.0667337
19.9372 -0.0507075
19.9184 -0.0364062
zonopsu
-37.5 0
-37 1.11219e-19
-35.9999 3.19376e-19
-34.9995 0.00202764
-33.9988 0.0100431
-32.9985 0.0284875
-31.9982 0.0637717
-30.9979 0.122058
-29.9976 0.134322
-28.9969 0.0386444
-27.9966 0.00355255
-26.9963 -0.0463688
-25.9957 -0.0234191
-24.9951 0.323901
-23.9946 0.866067
-22.9943 1.47622
-21.9943 2.0005
-20.9943 2.3185
-19.9943 2.44012
-18.9943 2.4464
-17.9942 2.39719
-16.9937 2.33161
-15.9966 2.27013
-14.9994 2.21219
-13.999 2.13687
-12.9986 2.00129
-11.9981 1.78292
-10.9977 1.51715
-9.99761 1.26447
-8.99778 1.06216
-7.99785 0.921599
-6.99793 0.888334
-5.99818 0.854015
-4.99835 0.889627
-3.99847 1.17395
-2.99874 1.61821
-1.99899 2.1193
-0.999069 2.5578
0.000841048 2.79665
1.00072 2.67376
2.0006 1.99995
3.00042 1.00002
4.00026 5.603e-05
5.00024 -0.999921
6.00035 -1.99981
7.00052 -2.6514
8.00051 -2.78532
9.00023 -2.64236
10.0001 -2.33612
11.0003 -1.95728
12.0004 -1.58999
13.0006 -1.29005
14.0007 -1.05694
15.0008 -0.886612
16.001 -0.86496
17.0011 -1.05188
18.0011 -1.39915
19.0012 -1.84229
20.0011 -2.30257
21.0011 -2.68231
22.001 -2.87629
23.001 -2.88224
24.0011 -2.78755
25.0012 -2.65024
26.001 -2.50218
27.0009 -2.35591
28.0008 -2.20004
29.0007 -2.00062
30.0005 -1.73468
31.0003 -1.42582
32.0001 -1.11433
32.9998 -0.826099
33.9744 -0.575787
34.8689 -0.369739
35.6373 -0.208465
36.2593 -0.0887115
36.7336 -0.00507537
37.0715 0.0487862
37.2926 0.0793103
37.4206 0.0924775
37.4806 0.0934979
zonocost1
0 2.5
