n_horizon: 5
poly2
ours_hz
0.00406258 0.015951 9.62 51 0.000900387 0.00408171 0.015951 9.73469 51 0.000900327
0.0037217 0.011869 9.36 50 0.000822197 0.00375498 0.011869 9.46939 50 0.00082403
0.003817 0.013933 9.68 47 0.000848847 0.00385349 0.013933 9.79592 47 0.000850988
0.0037787 0.013109 9.34 56 0.000818433 0.00381243 0.013109 9.44898 56 0.000820147
0.00368206 0.011214 9.36 48 0.000801049 0.00371198 0.011214 9.46939 48 0.000802636
ours_hrep
0.0135265 0.048794 13.66 96 0.00366839 0.0136579 0.048794 13.8571 96 0.00367229
0.0133773 0.046363 13.22 91 0.0036878 0.0135013 0.046363 13.4082 91 0.00369195
0.0131733 0.051098 13.5 99 0.00356181 0.0132987 0.051098 13.6939 99 0.00356526
0.0132471 0.048638 13.66 95 0.00375178 0.0133706 0.048638 13.8571 95 0.00375619
0.0134176 0.048917 13.48 99 0.00359615 0.0135469 0.048917 13.6735 99 0.00359973
gurobi_hz
0.0332574 0.060415 96.28 497 0 0.0334851 0.060415 98.2245 497 0
0.033114 0.058966 96.28 497 0 0.0333609 0.058966 98.2245 497 0
0.0331979 0.059804 96.28 497 0 0.0334535 0.059804 98.2245 497 0
0.0332576 0.058858 96.28 497 0 0.0335166 0.058858 98.2245 497 0
0.0329632 0.05953 96.28 497 0 0.0332121 0.05953 98.2245 497 0
gurobi_hrep
0.0243864 0.034801 2.78 36 0 0.0241739 0.034009 2.55102 36 0
0.0245054 0.035467 2.78 36 0 0.0242817 0.033532 2.55102 36 0
0.0245119 0.035246 2.78 36 0 0.0242929 0.034105 2.55102 36 0
0.0243899 0.034892 2.78 36 0 0.0241756 0.03399 2.55102 36 0
0.0245897 0.035663 2.78 36 0 0.0243637 0.034618 2.55102 36 0
ours_hz_warmstart
0.00314154 0.010741 8.9 23 0.000687964 0.00314851 0.010741 9 23 0.000686166
0.00315922 0.010661 9.02 23 0.000681386 0.00318271 0.010661 9.12245 23 0.000682257
0.00313514 0.010882 8.9 23 0.000680921 0.00315518 0.010882 9 23 0.000681574
0.00314086 0.010804 8.9 23 0.000680697 0.00316494 0.010804 9 23 0.000681719
0.00311366 0.011029 8.84 23 0.0006795 0.00313759 0.011029 8.93878 23 0.000680468
nonconvpoly1
ours_hz
0.00293708 0.007815 7.5 38 0.000765675 0.00295849 0.007815 7.57143 38 0.000767809
0.00287008 0.006911 7.24 30 0.000755097 0.00288886 0.006911 7.30612 30 0.000757271
0.00285198 0.006889 7.2 30 0.000747828 0.00286959 0.006889 7.26531 30 0.00074964
0.0028706 0.008438 7.42 39 0.000756849 0.00289131 0.008438 7.4898 39 0.000759041
0.00288248 0.006691 7.28 30 0.000758255 0.00289882 0.006691 7.34694 30 0.000759908
ours_hrep
0.00771774 0.016774 8.48 39 0.00243166 0.0077392 0.016774 8.57143 39 0.00243008
0.00782136 0.019908 8.74 48 0.00243074 0.0078742 0.019908 8.83673 48 0.00243283
0.00774564 0.018166 8.36 35 0.00243528 0.00779786 0.018166 8.44898 35 0.0024378
0.0077778 0.018081 8.46 39 0.00242376 0.0078271 0.018081 8.55102 39 0.00242576
0.00784636 0.018835 8.78 42 0.00245323 0.007898 0.018835 8.87755 42 0.00245565
gurobi_hz
0.0143523 0.026042 11.26 169 0 0.0143976 0.026042 11.4694 169 0
0.0142985 0.025993 11.26 169 0 0.014352 0.025993 11.4694 169 0
0.0143028 0.026429 11.26 169 0 0.0143517 0.026429 11.4694 169 0
0.0143535 0.026016 11.26 169 0 0.0144032 0.026016 11.4694 169 0
0.0143203 0.025714 11.26 169 0 0.0143687 0.025714 11.4694 169 0
gurobi_hrep
0.0164064 0.030241 2.64 39 0 0.0164196 0.030241 2.67347 39 0
0.0162565 0.029379 2.64 39 0 0.0162642 0.029379 2.67347 39 0
0.0163508 0.030665 2.64 39 0 0.0163625 0.030665 2.67347 39 0
0.0162859 0.029381 2.64 39 0 0.0162913 0.029381 2.67347 39 0
0.0164306 0.029453 2.64 39 0 0.0164433 0.029453 2.67347 39 0
ours_hz_warmstart
0.00215244 0.004424 7.54 14 0.000674491 0.00215194 0.004424 7.61224 14 0.000675105
0.00216046 0.004474 7.56 14 0.000670963 0.00216559 0.004474 7.63265 14 0.000671936
0.0021921 0.004783 7.56 14 0.000675778 0.00219771 0.004783 7.63265 14 0.000676952
0.0021683 0.004297 7.52 14 0.000673582 0.00217467 0.004297 7.59184 14 0.000674847
0.0021169 0.004389 7.5 14 0.000667091 0.0021188 0.004389 7.57143 14 0.000667919
zonopsu
ours_hz
0.00334993 0.008175 15.6625 62 0.000651464 0.00336419 0.008175 15.8101 62 0.000651858
0.00350772 0.011093 17.2125 69 0.000702726 0.00352266 0.011093 17.3797 69 0.000703194
0.003311 0.008535 15.2875 58 0.000654306 0.00332477 0.008535 15.4304 58 0.000654696
0.00339376 0.009898 15.2625 60 0.000679682 0.00339941 0.009898 15.4051 60 0.000680076
0.00344695 0.009814 16.1875 71 0.00066651 0.00346309 0.009814 16.3418 71 0.000666969
ours_hrep
0.159918 0.539963 30.8625 171 0.0341342 0.160799 0.539963 31.1646 171 0.0341566
0.171495 0.614209 30.7125 155 0.0395243 0.172537 0.614209 31.0127 155 0.0395618
0.190723 0.687151 30.2125 140 0.0433619 0.192025 0.687151 30.5063 140 0.0434119
0.194838 0.677458 31.225 154 0.0434226 0.196062 0.677458 31.5316 154 0.0434647
0.199045 0.735643 32.1875 148 0.0438075 0.20031 0.735643 32.5063 148 0.0438468
gurobi_hz
0.0610182 0.115869 676.95 3323 0 0.0613176 0.115869 685.418 3323 0
0.0612985 0.119468 676.95 3323 0 0.0616581 0.119468 685.418 3323 0
0.0611249 0.11499 676.95 3323 0 0.0614723 0.11499 685.418 3323 0
0.0608917 0.114877 676.95 3323 0 0.0612524 0.114877 685.418 3323 0
0.0610025 0.122208 676.95 3323 0 0.0613594 0.122208 685.418 3323 0
gurobi_hrep
0.260939 0.315335 23.775 340 0 0.261175 0.315335 24.0633 340 0
0.26134 0.317301 23.775 340 0 0.261571 0.317301 24.0633 340 0
0.26144 0.318611 23.775 340 0 0.261678 0.318611 24.0633 340 0
0.260856 0.321088 23.775 340 0 0.261084 0.321088 24.0633 340 0
0.260816 0.318698 23.775 340 0 0.261016 0.318698 24.0633 340 0
ours_hz_warmstart
0.00203829 0.006674 8.8 33 0.000468169 0.0020331 0.006674 8.86076 33 0.000467624
0.00208951 0.006029 8.8375 35 0.000466267 0.00208785 0.006029 8.89873 35 0.000466021
0.00205091 0.005693 8.8625 33 0.000466282 0.00204903 0.005693 8.92405 33 0.00046594
0.00203156 0.005469 8.8125 34 0.000466035 0.00203067 0.005469 8.87342 34 0.000465807
0.00205582 0.005009 8.8125 33 0.000464938 0.00205303 0.005009 8.87342 33 0.000464545
zonocost1
ours_hz
0.0103263 0.043735 28.55 299 0.000748551 0.0104403 0.043735 29.1795 299 0.00074912
0.0102384 0.043383 28.95 282 0.000731065 0.0103559 0.043383 29.5897 282 0.000731672
0.010282 0.047171 30.2 305 0.000736133 0.0103987 0.047171 30.8718 305 0.00073664
0.0101805 0.04671 29.05 301 0.000748743 0.0102939 0.04671 29.6923 301 0.000749406
0.010267 0.043292 28.675 258 0.000749087 0.0103846 0.043292 29.3077 258 0.000749728
ours_hrep
19.1127 61.0107 53.75 188 1.61958 24.1735 61.0107 69.3333 188 1.63203
19.1811 61.4838 54.25 192 1.68873 24.2658 61.4838 70 192 1.70178
19.3895 61.9125 53.25 186 1.64591 24.5579 61.9125 68.6667 186 1.65777
19.0315 61.6114 52.5 185 1.6491 24.0801 61.6114 67.6667 185 1.66127
19.345 61.575 52.25 182 1.63782 24.486 61.575 67.3333 182 1.6498
gurobi_hz
0.405702 0.924729 1768.3 7808 0 0.410956 0.924729 1813.62 7808 0
0.406977 0.963792 1768.3 7808 0 0.411985 0.963792 1813.62 7808 0
0.404725 0.953765 1768.3 7808 0 0.409775 0.953765 1813.62 7808 0
0.407492 0.932538 1768.3 7808 0 0.412543 0.932538 1813.62 7808 0
0.4058 0.927157 1768.3 7808 0 0.410861 0.927157 1813.62 7808 0
gurobi_hrep
5.34936 7.18232 398.25 2983 0 5.35386 7.18232 398 2983 0
5.36528 7.21741 398.25 2983 0 5.3721 7.21741 398 2983 0
5.33204 7.30874 398.25 2983 0 5.33667 7.30874 398 2983 0
5.35113 7.33147 398.25 2983 0 5.35403 7.33147 398 2983 0
5.34452 7.48375 398.25 2983 0 5.35013 7.48375 398 2983 0
ours_hz_warmstart
0.0116643 0.050475 38.625 252 0.000756109 0.0118076 0.050475 39.5128 252 0.00075643
0.0105664 0.044886 33.6 208 0.000760537 0.0106917 0.044886 34.359 208 0.00076114
0.0111296 0.0435 34.75 206 0.00078676 0.0112017 0.0435 35.5385 206 0.000787228
0.0122514 0.056 33.775 204 0.000875235 0.0124203 0.056 34.5385 204 0.000876179
0.0111346 0.046433 35.8 193 0.00075461 0.0112411 0.046433 36.6154 193 0.000755056
n_horizon: 10
poly2
ours_hz
0.00990248 0.045902 18.04 142 0.00214268 0.0098879 0.045902 18.0816 142 0.00215276
0.0100294 0.046528 18.38 142 0.0021274 0.0100639 0.046528 18.4286 142 0.00213976
0.0100818 0.044479 17.76 142 0.00209052 0.0101165 0.044479 17.7959 142 0.00210303
0.00988682 0.044087 17.62 123 0.00218611 0.00992227 0.044087 17.6531 123 0.00220002
0.010121 0.042261 18.58 125 0.00218532 0.0101205 0.042261 18.6327 125 0.00219624
ours_hrep
0.0510476 0.252357 41.82 318 0.0086796 0.0511679 0.252357 42.0816 318 0.00869859
0.0492296 0.257442 40.1 319 0.00861142 0.049285 0.257442 40.3061 319 0.00861193
0.0508489 0.266943 41.98 314 0.00870952 0.050945 0.266943 42.2653 314 0.00872605
0.0497325 0.262598 41.2 315 0.00866607 0.0498064 0.262598 41.4898 315 0.00868382
0.0518103 0.248567 40.96 303 0.00890771 0.0519243 0.248567 41.2449 303 0.00892972
gurobi_hz
0.123025 0.259974 479.16 3698 0 0.122756 0.259974 480.592 3698 0
0.120477 0.243583 479.16 3698 0 0.120324 0.243583 480.592 3698 0
0.121019 0.254485 479.16 3698 0 0.120811 0.254485 480.592 3698 0
0.121177 0.255897 479.16 3698 0 0.120977 0.255897 480.592 3698 0
0.120415 0.254819 479.16 3698 0 0.120256 0.254819 480.592 3698 0
gurobi_hrep
0.0849504 0.139305 67.2 756 0 0.0848361 0.139305 68.551 756 0
0.0844775 0.139938 67.2 756 0 0.0843839 0.139938 68.551 756 0
0.085078 0.139341 67.2 756 0 0.085009 0.139341 68.551 756 0
0.0842346 0.13725 67.2 756 0 0.0841361 0.13725 68.551 756 0
0.084598 0.136964 67.2 756 0 0.0845262 0.136964 68.551 756 0
ours_hz_warmstart
0.00846072 0.038197 12.22 69 0.00164517 0.00841704 0.038197 12.1429 69 0.00164604
0.00838678 0.037552 12.2 69 0.00163298 0.00838284 0.037552 12.1224 69 0.00163718
0.00831024 0.036246 12.18 69 0.00161966 0.00829992 0.036246 12.1429 69 0.00162113
0.00830594 0.037245 12.14 69 0.0016249 0.00827133 0.037245 12.0408 69 0.00162184
0.00837568 0.038679 12.18 69 0.00161989 0.0083549 0.038679 12.102 69 0.00162047
nonconvpoly1
ours_hz
0.00796294 0.019732 13.9 71 0.00172156 0.00785 0.019732 13.7347 71 0.00173465
0.00801288 0.01764 13.76 58 0.00178292 0.00790643 0.01764 13.5714 58 0.00180035
0.00780154 0.021474 13.18 63 0.00179896 0.00769088 0.021474 13 63 0.00181721
0.00788968 0.021307 13.72 71 0.0017661 0.0077832 0.021307 13.5306 71 0.00178317
0.00812046 0.021767 13.88 60 0.00191386 0.00802257 0.021767 13.7143 60 0.00193504
ours_hrep
0.037168 0.093947 29.8 136 0.00601551 0.0369724 0.093947 29.4082 136 0.00602452
0.0397153 0.113848 29.58 125 0.00681018 0.0394784 0.113848 29.1224 125 0.00682844
0.0404136 0.106458 30.06 124 0.00673618 0.0402518 0.106458 29.5714 124 0.00676089
0.0396554 0.10941 29.84 124 0.00662297 0.0393803 0.10941 29.449 124 0.00665008
0.0402998 0.109585 30.1 130 0.00671706 0.0401759 0.109585 29.7347 130 0.00674402
gurobi_hz
0.0497368 0.103093 100.74 685 0 0.0486479 0.100774 96.0408 685 0
0.0484297 0.092447 100.74 685 0 0.0475319 0.092447 96.0408 685 0
0.0487138 0.095704 100.74 685 0 0.0477548 0.093317 96.0408 685 0
0.0485266 0.095228 100.74 685 0 0.0475735 0.092663 96.0408 685 0
0.0489939 0.097051 100.74 685 0 0.0480131 0.094095 96.0408 685 0
gurobi_hrep
0.0719783 0.194655 309.7 1429 0 0.0723497 0.194655 316 1429 0
0.0712509 0.197343 309.7 1429 0 0.0716184 0.197343 316 1429 0
0.0714844 0.194048 309.7 1429 0 0.0718644 0.194048 316 1429 0
0.0713812 0.194584 309.7 1429 0 0.071753 0.194584 316 1429 0
0.0714534 0.192397 309.7 1429 0 0.0718279 0.192397 316 1429 0
ours_hz_warmstart
0.0056167 0.015477 9.18 25 0.00131589 0.00543545 0.015477 8.91837 25 0.00131543
0.00556956 0.015185 9.2 25 0.00131732 0.00541363 0.015185 8.93878 25 0.00131968
0.00592874 0.015852 9.22 27 0.00139813 0.00577667 0.015852 8.95918 27 0.00140328
0.00613904 0.017013 9.16 25 0.00144603 0.00597637 0.017013 8.89796 25 0.00144881
0.00611988 0.016565 9.18 26 0.00145428 0.00595237 0.016565 8.89796 26 0.00145723
zonopsu
ours_hz
0.0108201 0.031208 33.4 121 0.00174199 0.0108901 0.031208 33.7342 121 0.00174354
0.0109394 0.033464 33.3125 113 0.00176936 0.0110097 0.033464 33.6456 113 0.001771
0.0108375 0.031444 31.575 113 0.0019063 0.0109078 0.031444 31.8861 113 0.00190841
0.0111857 0.044295 34.6875 129 0.00179433 0.011258 0.044295 35 129 0.00179603
0.0107277 0.028352 33.45 114 0.00171259 0.0107937 0.028352 33.7848 114 0.00171398
ours_hrep
0.74374 2.50896 71.7 276 0.103164 0.750833 2.50896 72.519 276 0.103222
0.756549 2.4951 74.125 282 0.103473 0.7639 2.4951 74.9747 282 0.103532
0.803364 2.51388 79.475 283 0.105156 0.811304 2.51388 80.3924 283 0.105212
0.749344 2.35647 73.0375 260 0.103418 0.756694 2.35647 73.8861 260 0.103469
0.745639 2.85993 72.2125 327 0.103445 0.752857 2.85993 73.0253 327 0.103513
gurobi_hz
0.259443 0.62877 3593.81 12873 0 0.261674 0.62877 3637.73 12873 0
0.260132 0.624613 3593.81 12873 0 0.262351 0.624613 3637.73 12873 0
0.259884 0.627881 3593.81 12873 0 0.26216 0.627881 3637.73 12873 0
0.260709 0.640931 3593.81 12873 0 0.262973 0.640931 3637.73 12873 0
0.260005 0.630338 3593.81 12873 0 0.26227 0.630338 3637.73 12873 0
gurobi_hrep
1.09749 1.81083 1483.59 6824 0 1.10063 1.81083 1502.35 6824 0
1.09368 1.81862 1483.59 6824 0 1.09673 1.81862 1502.35 6824 0
1.09311 1.74984 1483.59 6824 0 1.09628 1.74984 1502.35 6824 0
1.09196 1.80185 1483.59 6824 0 1.09515 1.80185 1502.35 6824 0
1.09312 1.74224 1483.59 6824 0 1.09638 1.74224 1502.35 6824 0
ours_hz_warmstart
0.00491609 0.01646 10.6875 51 0.000929364 0.00489427 0.01646 10.7722 51 0.000925187
0.00490294 0.01671 10.8125 55 0.000925274 0.00490477 0.01671 10.8608 55 0.000924308
0.00488904 0.016519 10.775 56 0.000927585 0.004889 0.016519 10.8228 56 0.000926651
0.00490962 0.016274 10.75 56 0.000926458 0.00491168 0.016274 10.7975 56 0.000925504
0.00497797 0.016573 10.8125 59 0.000944227 0.00498168 0.016573 10.8608 59 0.000943502
zonocost1
ours_hz
0.10083 0.700288 305.15 3114 0.00227331 0.0945153 0.700288 263.923 3114 0.00238416
0.12073 1.04115 335.025 3345 0.00270405 0.111794 1.04115 290.333 3345 0.00279923
0.112802 0.986073 305.525 3147 0.00264622 0.103995 0.986073 261.923 3147 0.00273952
0.112871 1.01387 307.1 3241 0.00262983 0.104535 1.01387 266.282 3241 0.00271632
0.115273 1.02801 317.925 3354 0.00264957 0.106483 1.02801 274.128 3354 0.00274258
ours_hrep
inf 62.5906 inf 72 3.07682 -0 0 -0 0 0
inf 62.4231 inf 72 3.08899 -0 0 -0 0 0
inf 62.4182 inf 72 3.07757 -0 0 -0 0 0
inf 60.1588 inf 70 3.0661 -0 0 -0 0 0
inf 61.1917 inf 76 3.29033 -0 0 -0 0 0
gurobi_hz
1.61896 4.29416 8637.48 47636 0 1.60491 4.29416 8467.05 47636 0
1.61036 4.30608 8637.48 47636 0 1.60215 4.30608 8467.05 47636 0
1.6053 4.30799 8637.48 47636 0 1.59695 4.30799 8467.05 47636 0
1.60589 4.35626 8637.48 47636 0 1.59871 4.35626 8467.05 47636 0
1.60085 4.36249 8637.48 47636 0 1.59262 4.36249 8467.05 47636 0
gurobi_hrep
21.4387 40.7431 4946.98 42760 0 21.4316 40.7431 4937.87 42760 0
21.4084 40.3755 4946.98 42760 0 21.4047 40.3755 4937.87 42760 0
21.3692 40.5253 4946.98 42760 0 21.3578 40.5253 4937.87 42760 0
21.3955 40.6356 4946.98 42760 0 21.3867 40.6356 4937.87 42760 0
21.3971 40.8874 4946.98 42760 0 21.3882 40.8874 4937.87 42760 0
ours_hz_warmstart
0.0728751 0.404049 177.475 1901 0.00195653 0.0657564 0.404049 133.282 1086 0.00205561
0.0729851 0.40413 183.55 1973 0.00195868 0.0655573 0.40413 137.667 1115 0.00206063
0.0714927 0.405932 176.4 1925 0.00194363 0.0638969 0.405932 131.564 1085 0.0020466
0.0735875 0.429676 187.45 2063 0.00193862 0.0661133 0.429676 139.359 1158 0.00204248
0.072228 0.398554 181.45 2133 0.00191956 0.0645787 0.398554 131.41 1065 0.00202096
n_horizon: 15
poly2
ours_hz
0.0232348 0.103386 31.74 204 0.00386711 0.0233757 0.103386 32.0612 204 0.00387841
0.023943 0.112901 33.52 200 0.00386302 0.0241498 0.112901 33.9184 200 0.00387328
0.0237276 0.099224 31.72 193 0.00384009 0.0239251 0.099224 32.0408 193 0.00385301
0.0234141 0.106441 31.66 199 0.00392589 0.0235946 0.106441 31.9796 199 0.00393866
0.0227621 0.106214 30.7 200 0.00381892 0.0229498 0.106214 31.0408 200 0.00383152
ours_hrep
0.165701 0.908786 83 558 0.0192771 0.167057 0.908786 83.5918 558 0.0193745
0.160845 0.931772 80 574 0.0190904 0.162158 0.931772 80.6939 574 0.0191557
0.15995 0.873344 79.46 551 0.0191403 0.16136 0.873344 80.3673 551 0.0191966
0.160063 0.986472 80.1 622 0.0192266 0.161223 0.986472 80.7959 622 0.019293
0.162109 0.894133 82.32 562 0.0192349 0.16367 0.894133 83.1224 562 0.0193066
gurobi_hz
0.280795 0.512931 1314.22 5924 0 0.278655 0.512931 1284.69 5924 0
0.280686 0.515391 1314.22 5924 0 0.278982 0.515391 1284.69 5924 0
0.27897 0.52411 1314.22 5924 0 0.277423 0.52411 1284.69 5924 0
0.280143 0.51909 1314.22 5924 0 0.278723 0.51909 1284.69 5924 0
0.279627 0.52021 1314.22 5924 0 0.278128 0.52021 1284.69 5924 0
gurobi_hrep
0.212635 0.40068 552.08 3227 0 0.212966 0.40068 560.327 3227 0
0.211089 0.389294 552.08 3227 0 0.211399 0.389294 560.327 3227 0
0.210935 0.394855 552.08 3227 0 0.211195 0.394855 560.327 3227 0
0.21241 0.392766 552.08 3227 0 0.212658 0.392766 560.327 3227 0
0.212604 0.393019 552.08 3227 0 0.212911 0.393019 560.327 3227 0
ours_hz_warmstart
0.0188736 0.090803 20.24 148 0.00332119 0.0189415 0.090803 20.3265 148 0.00332949
0.0210427 0.130016 21.8 184 0.00393541 0.0211521 0.130016 21.9184 184 0.00395047
0.0210781 0.117045 20.6 145 0.00380228 0.0211779 0.117045 20.6939 145 0.00381748
0.0209805 0.129815 21.68 184 0.00391899 0.0210925 0.129815 21.7959 184 0.00393506
0.0206334 0.112024 20.14 145 0.00375007 0.020736 0.112024 20.2245 145 0.00376463
nonconvpoly1
ours_hz
0.0142159 0.040959 14.08 58 0.00329106 0.0139371 0.040959 13.2245 58 0.00329149
0.0142054 0.040438 14 66 0.00333326 0.0140648 0.040438 13.5102 66 0.0033509
0.0144381 0.04065 14.4 65 0.00327479 0.0142151 0.04065 13.5918 65 0.0032916
0.0142229 0.039788 14.2 62 0.00329799 0.0140104 0.039788 13.5102 62 0.00331312
0.0142445 0.038799 13.98 64 0.00330156 0.0140542 0.038799 13.3469 64 0.00330584
ours_hrep
0.0932952 0.25151 54.86 194 0.0115536 0.0922886 0.25151 53.2857 194 0.0116011
0.0926233 0.248143 54.24 187 0.0113846 0.0914524 0.248143 52.6122 187 0.0114335
0.093419 0.244925 54.92 190 0.0115051 0.0925014 0.244925 53.3673 190 0.0115339
0.0902119 0.255173 53.06 196 0.0114291 0.0893709 0.255173 51.6939 196 0.0114792
0.0914148 0.251188 52.98 189 0.0112358 0.0899368 0.251188 51.0408 189 0.0112718
gurobi_hz
0.123005 0.331458 479.16 2693 0 0.12275 0.331458 484.143 2693 0
0.121585 0.332776 479.16 2693 0 0.12145 0.332776 484.143 2693 0
0.122107 0.340557 479.16 2693 0 0.122039 0.340557 484.143 2693 0
0.122137 0.342984 479.16 2693 0 0.122038 0.342984 484.143 2693 0
0.12177 0.32143 479.16 2693 0 0.121649 0.32143 484.143 2693 0
gurobi_hrep
0.179708 0.453914 977.24 3983 0 0.180461 0.453914 984.204 3983 0
0.181079 0.499429 977.24 3983 0 0.182009 0.499429 984.204 3983 0
0.180035 0.451074 977.24 3983 0 0.180897 0.451074 984.204 3983 0
0.179651 0.454771 977.24 3983 0 0.180519 0.454771 984.204 3983 0
0.178423 0.453594 977.24 3983 0 0.179277 0.453594 984.204 3983 0
ours_hz_warmstart
0.00918092 0.034227 10.18 39 0.00222041 0.00893743 0.034227 9.67347 39 0.00216307
0.00916668 0.035606 10.08 42 0.00222338 0.00893296 0.035606 9.42857 29 0.0021631
0.00977212 0.034576 10.1 42 0.00234247 0.0095302 0.034576 9.44898 29 0.002293
0.0100128 0.036567 10.14 46 0.00241806 0.00972359 0.036567 9.40816 29 0.00236916
0.0100182 0.038012 10.08 41 0.00243737 0.00973441 0.038012 9.44898 29 0.00235149
zonopsu
ours_hz
0.0255192 0.052987 60.3125 151 0.00278689 0.0257448 0.052987 60.9873 151 0.0027884
0.0257815 0.062656 60.9 161 0.00279667 0.0260034 0.062656 61.5823 161 0.00279804
0.0261347 0.058496 62.425 160 0.00280009 0.0263624 0.058496 63.1266 160 0.00280145
0.0260685 0.053762 61.9 159 0.00280282 0.026292 0.053762 62.5949 159 0.00280409
0.0264312 0.062024 64.0375 165 0.00280184 0.0266597 0.062024 64.7595 165 0.00280308
ours_hrep
1.82126 5.29917 122.662 402 0.166236 1.84107 5.29917 124.127 402 0.166296
1.81025 5.40515 123.162 398 0.16671 1.82991 5.40515 124.633 398 0.166771
1.84894 5.54314 124.612 413 0.167725 1.86902 5.54314 126.101 413 0.167784
1.79743 5.45518 120.75 406 0.165563 1.8167 5.45518 122.19 406 0.165621
1.81343 5.3415 121.912 394 0.165828 1.83312 5.3415 123.367 394 0.165888
gurobi_hz
0.702174 1.48205 8878.45 25047 0 0.708653 1.48205 8976.03 25047 0
0.700744 1.49198 8878.45 25047 0 0.707335 1.49198 8976.03 25047 0
0.699626 1.49746 8878.45 25047 0 0.706249 1.49746 8976.03 25047 0
0.701526 1.48979 8878.45 25047 0 0.708103 1.48979 8976.03 25047 0
0.700604 1.48863 8878.45 25047 0 0.707209 1.48863 8976.03 25047 0
gurobi_hrep
3.22417 6.84124 5698.81 34655 0 3.24265 6.84124 5770.94 34655 0
3.23666 6.78178 5698.81 34655 0 3.25539 6.78178 5770.94 34655 0
3.23684 6.86376 5698.81 34655 0 3.25557 6.86376 5770.94 34655 0
3.23399 6.89358 5698.81 34655 0 3.25265 6.89358 5770.94 34655 0
3.22486 6.84957 5698.81 34655 0 3.24344 6.84957 5770.94 34655 0
ours_hz_warmstart
0.00838538 0.028466 11.7375 61 0.00141254 0.00839659 0.028466 11.7975 61 0.00141034
0.00839734 0.028523 11.625 58 0.00141809 0.00841494 0.028523 11.6835 58 0.00141685
0.00841365 0.028493 11.6625 56 0.00142051 0.00843178 0.028493 11.7215 56 0.00141924
0.00863534 0.028224 11.875 60 0.0014481 0.00865428 0.028224 11.9367 60 0.00144701
0.00836518 0.028943 11.65 59 0.00141971 0.00838267 0.028943 11.7089 59 0.00141846
zonocost1
ours_hz
0.145731 1.35272 240.9 2848 0.00429197 0.135217 1.35272 217.744 2848 0.00419096
0.156413 0.933604 217.75 2025 0.00521259 0.141791 0.933604 194.667 2025 0.0049493
0.150719 0.955611 213.65 2187 0.00513972 0.13673 0.955611 191.128 2187 0.00489045
0.145646 0.93189 210.375 2077 0.00507945 0.133549 0.93189 191.077 2077 0.00485657
0.154538 1.02846 227.85 2276 0.0050505 0.139566 1.02846 203.949 2276 0.00477767
ours_hrep
inf 65.4829 inf 92 6.27499 -0 0 -0 0 0
inf 65.0129 inf 92 6.20526 -0 0 -0 0 0
inf 66.4505 inf 97 6.55486 -0 0 -0 0 0
inf 63.7141 inf 89 6.26659 -0 0 -0 0 0
inf 64.3046 inf 92 6.31887 -0 0 -0 0 0
gurobi_hz
3.73833 12.0196 16435.1 81206 0 3.62406 12.0196 15214.6 81206 0
3.72307 11.9647 16435.1 81206 0 3.621 11.9647 15214.6 81206 0
3.72378 11.9982 16435.1 81206 0 3.6212 11.9982 15214.6 81206 0
3.71224 11.9046 16435.1 81206 0 3.60968 11.9046 15214.6 81206 0
3.70637 11.9822 16435.1 81206 0 3.60555 11.9822 15214.6 81206 0
gurobi_hrep
85.0969 61.7604 20871.5 19736 0 113.054 61.7604 22007 18125 0
84.9011 61.9999 20871.5 19736 0 112.934 61.9999 22007 18125 0
84.9704 61.2025 20871.5 19736 0 111.764 61.2025 22007 18125 0
84.8053 61.2508 20871.5 19736 0 112.613 61.2508 22007 18125 0
85.4581 62.4142 20871.5 19736 0 113.399 62.4142 22007 18125 0
ours_hz_warmstart
0.0911944 0.762134 89.625 1165 0.00489776 0.0756319 0.762134 65.6923 1165 0.00401264
0.090009 0.750473 89.9 1157 0.00480196 0.0749348 0.750473 65.1026 1157 0.00398119
0.0976805 0.814068 96.525 1354 0.0047647 0.0829633 0.814068 71.4103 1354 0.0040089
0.089373 0.730631 88.325 1119 0.00479486 0.0751442 0.730631 64.0256 1119 0.00405977
0.0963088 0.829845 96.4 1409 0.00465652 0.0822832 0.829845 72.3846 1409 0.00394836
n_horizon: 20
poly2
ours_hz
0.080037 0.691601 94.84 991 0.00790728 0.0775456 0.691601 89.551 991 0.00806644
0.0795133 0.685784 93.34 983 0.00797966 0.0766988 0.685784 88.0408 983 0.00810207
0.0792286 0.681793 92.7 994 0.0079705 0.0763711 0.681793 87.4082 994 0.00808367
0.0797752 0.685532 93.6 987 0.00798519 0.0768932 0.685532 88.2041 987 0.00810236
0.080279 0.687841 94.32 991 0.00800632 0.0775897 0.687841 89.2245 991 0.00812128
ours_hrep
0.480957 4.11894 210.76 1999 0.0285575 0.457686 4.11894 198.041 1999 0.0286343
0.489901 4.13589 214.08 1992 0.0284385 0.467955 4.13589 202.061 1992 0.0285125
0.484928 4.15489 212.44 2007 0.0285763 0.461302 4.15489 199.612 2007 0.0286353
0.494699 4.13653 216.78 2005 0.02847 0.471343 4.13653 204.082 2005 0.0285226
0.492282 4.12286 215.42 1995 0.0285059 0.468833 4.12286 202.735 1995 0.0285613
gurobi_hz
0.679457 4.12716 3389.4 59043 0 0.670604 4.12716 3321.88 59043 0
0.681123 4.13042 3389.4 59043 0 0.673982 4.13042 3321.88 59043 0
0.676738 4.16965 3389.4 59043 0 0.670121 4.16965 3321.88 59043 0
0.677728 4.13245 3389.4 59043 0 0.670493 4.13245 3321.88 59043 0
0.681286 4.16085 3389.4 59043 0 0.674214 4.16085 3321.88 59043 0
gurobi_hrep
0.41729 0.803982 1254 4430 0 0.414959 0.803982 1204.24 4430 0
0.420564 0.800378 1254 4430 0 0.41751 0.800378 1204.24 4430 0
0.418934 0.79094 1254 4430 0 0.416044 0.79094 1204.24 4430 0
0.418992 0.79621 1254 4430 0 0.41614 0.79621 1204.24 4430 0
0.421753 0.794311 1254 4430 0 0.418897 0.794311 1204.24 4430 0
ours_hz_warmstart
0.0647049 0.610538 80.54 968 0.00775943 0.0616143 0.610538 74.9592 968 0.00788533
0.064878 0.619482 80.52 970 0.00776224 0.0618614 0.619482 75.0408 970 0.00788435
0.0650537 0.618396 80.86 970 0.00772812 0.0619326 0.618396 75.2245 970 0.00785628
0.064443 0.611043 80.72 970 0.0077601 0.0612304 0.611043 74.9796 970 0.00787966
0.0639884 0.601521 80.34 970 0.00773139 0.0608998 0.601521 74.8776 970 0.00784482
nonconvpoly1
ours_hz
0.0280516 0.083795 23.36 99 0.00536464 0.0283105 0.083795 23.6735 99 0.00537823
0.02738 0.079891 22.14 95 0.0051803 0.0276386 0.079891 22.4286 95 0.00519287
0.0278234 0.087528 22.94 96 0.00546076 0.0281033 0.087528 23.2449 96 0.00547434
0.0277928 0.078235 23.14 93 0.00529843 0.0280686 0.078235 23.449 93 0.00531192
0.0285977 0.081813 24.54 117 0.0054499 0.0288856 0.081813 24.8776 117 0.00546305
ours_hrep
0.190433 0.482519 91.3 290 0.0170266 0.192036 0.482519 91.9388 290 0.0170732
0.192623 0.492124 94.4 279 0.0171939 0.193969 0.492124 94.9592 279 0.0172321
0.188451 0.450018 90.5 265 0.0169322 0.190099 0.450018 91.1837 265 0.0169528
0.192744 0.491469 93.84 290 0.0171858 0.194126 0.491469 94.6122 290 0.0172166
0.190109 0.520258 92.3 280 0.0171392 0.191365 0.520258 92.7959 280 0.0171831
gurobi_hz
0.317391 0.9606 1679.68 6019 0 0.310094 0.9606 1624.08 6019 0
0.312841 0.967661 1679.68 6019 0 0.308351 0.967661 1624.08 6019 0
0.314818 1.00414 1679.68 6019 0 0.310106 1.00414 1624.08 6019 0
0.313815 0.992008 1679.68 6019 0 0.308909 0.992008 1624.08 6019 0
0.314541 0.994686 1679.68 6019 0 0.309205 0.994686 1624.08 6019 0
gurobi_hrep
0.401731 1.60414 1900.2 8088 0 0.402683 1.60414 1898.41 8088 0
0.400896 1.63018 1900.2 8088 0 0.401878 1.63018 1898.41 8088 0
0.398898 1.65156 1900.2 8088 0 0.399921 1.65156 1898.41 8088 0
0.40016 1.61512 1900.2 8088 0 0.401136 1.61512 1898.41 8088 0
0.401213 1.6025 1900.2 8088 0 0.402235 1.6025 1898.41 8088 0
ours_hz_warmstart
0.0159285 0.064165 11.66 48 0.00326858 0.015954 0.064165 11.7347 48 0.00326613
0.0156165 0.061995 11.6 44 0.00326404 0.0156531 0.061995 11.6735 44 0.00326194
0.0156934 0.066031 11.66 48 0.0032637 0.0157012 0.066031 11.7347 48 0.00326012
0.0168794 0.065345 12.02 55 0.00350261 0.0169012 0.065345 12.102 55 0.00350291
0.017708 0.064139 12.08 55 0.0036076 0.0177573 0.064139 12.1633 55 0.00360335
zonopsu
ours_hz
0.0514311 0.101226 95.65 219 0.00399508 0.0513799 0.101226 94.9241 219 0.00400248
0.0516633 0.100977 96.325 239 0.00400827 0.0515704 0.100977 95.6962 239 0.00400884
0.0522384 0.093764 97.425 222 0.0040272 0.0520716 0.093764 96.6582 222 0.00403229
0.0516052 0.099614 97.425 235 0.00400045 0.0514961 0.099614 96.7468 235 0.00400377
0.0515651 0.101847 97.1375 220 0.00398547 0.0514381 0.101847 96.3671 220 0.00398782
ours_hrep
3.37333 8.67307 171.875 462 0.2373 3.37046 8.67307 171.785 462 0.237291
3.4154 9.10386 174.588 504 0.237141 3.40838 9.10386 174.241 504 0.237114
3.43651 8.71549 175.45 478 0.237945 3.4286 8.71549 175.025 478 0.237947
3.43075 9.39985 176.4 483 0.239274 3.41774 9.39985 175.709 483 0.239287
3.41405 8.75944 174.662 489 0.23891 3.4107 8.75944 174.544 489 0.238984
gurobi_hz
1.32133 3.31912 14697 41479 0 1.32542 3.31912 14737.2 41479 0
1.32022 3.27066 14697 41479 0 1.32485 3.27066 14737.2 41479 0
1.31935 3.28468 14697 41479 0 1.32425 3.28468 14737.2 41479 0
1.31816 3.30577 14697 41479 0 1.32305 3.30577 14737.2 41479 0
1.31754 3.26811 14697 41479 0 1.32248 3.26811 14737.2 41479 0
gurobi_hrep
6.82388 20.9056 12551.6 68037 0 6.8695 20.9056 12710.5 68037 0
6.80544 21.0727 12551.6 68037 0 6.85006 21.0727 12710.5 68037 0
6.82608 21.5476 12551.6 68037 0 6.8712 21.5476 12710.5 68037 0
6.82072 21.228 12551.6 68037 0 6.86601 21.228 12710.5 68037 0
6.7928 20.9955 12551.6 68037 0 6.83796 20.9955 12710.5 68037 0
ours_hz_warmstart
0.0131936 0.058796 13.75 161 0.0021862 0.0126164 0.044361 11.8861 67 0.0019826
0.0131313 0.055266 13.775 162 0.00218828 0.0125979 0.043905 11.8987 70 0.00198747
0.0132852 0.070248 14.2875 211 0.00225577 0.0125642 0.043088 11.7975 73 0.00200404
0.0134757 0.068752 13.8125 164 0.00228058 0.012776 0.046405 11.9114 70 0.00199317
0.0132822 0.054582 14.2125 154 0.00217161 0.0127594 0.042834 12.443 70 0.00197062
zonocost1
ours_hz
0.10272 1.01227 58.85 937 0.00699575 0.0793988 0.565519 36.3333 424 0.00899776
0.11281 1.03536 55.5 944 0.00862436 0.0891552 0.626457 32.7179 387 0.0120178
0.139833 1.19018 65.85 976 0.010337 0.112901 0.878114 42.5128 465 0.0137627
0.128881 1.18704 66.775 1076 0.00861439 0.101748 0.794981 40.8974 479 0.0114453
0.119048 1.2191 61.225 1088 0.00877134 0.090842 0.737358 34.8974 466 0.0121042
ours_hrep
inf 64.7538 inf 70 9.71992 -0 0 -0 0 0
inf 67.2398 inf 73 9.63611 -0 0 -0 0 0
inf 67.6683 inf 76 9.88265 -0 0 -0 0 0
inf 68.7866 inf 75 9.63425 -0 0 -0 0 0
inf 68.177 inf 75 9.80469 -0 0 -0 0 0
gurobi_hz
6.06791 34.057 21794.4 275819 0 5.35024 24.5042 15280.9 125985 0
6.03262 33.0777 21794.4 275819 0 5.33916 24.9686 15280.9 125985 0
6.04349 33.092 21794.4 275819 0 5.34994 24.8838 15280.9 125985 0
6.05028 32.9017 21794.4 275819 0 5.36178 24.8031 15280.9 125985 0
6.02719 32.918 21794.4 275819 0 5.33768 24.8096 15280.9 125985 0
gurobi_hrep
inf 83.891 inf 3110 0 -0 0 -0 0 0
inf 84.7482 inf 3110 0 -0 0 -0 0 0
inf 84.4802 inf 3110 0 -0 0 -0 0 0
inf 84.2228 inf 3110 0 -0 0 -0 0 0
inf 83.9871 inf 3110 0 -0 0 -0 0 0
ours_hz_warmstart
0.0668441 1.23219 44.5 1040 0.00423426 0.0369634 0.079706 18.9744 30 0.00348908
0.0685894 1.2254 45.325 1071 0.00437852 0.0389275 0.076252 19.0256 30 0.00391903
0.0672885 1.19602 44.5 1039 0.00424897 0.0383466 0.075369 19 32 0.00392479
0.0662849 1.21726 44.975 1060 0.0042424 0.0367727 0.069957 18.9487 30 0.00365967
0.0662697 1.14403 41.525 925 0.0043166 0.0386349 0.070245 18.8718 30 0.00389273
