n_horizon: 5
poly2
0.00930014 0.022479 9.1 40 0.00230522 0.00936935 0.022479 9.20408 40 0.00230348
0.00968168 0.030778 9.1 43 0.00243854 0.00978222 0.030778 9.20408 43 0.00244058
0.00945942 0.025478 9 38 0.00237541 0.00954188 0.025478 9.10204 38 0.00237602
0.00908276 0.026448 8.54 35 0.00238514 0.00917251 0.026448 8.63265 35 0.00238854
0.00908228 0.023503 8.98 37 0.00227435 0.0091882 0.023503 9.08163 37 0.00228283
nonconvpoly1
0.00817848 0.017725 7.42 31 0.00238915 0.00823588 0.017725 7.4898 31 0.00238671
0.00820434 0.0164 7.16 22 0.00247471 0.00824498 0.0164 7.22449 22 0.00247569
0.00798112 0.015374 6.86 21 0.00243465 0.0080648 0.015374 6.91837 21 0.00244753
0.00783538 0.016284 7.28 25 0.002345 0.00785131 0.016284 7.34694 25 0.00234609
0.00811686 0.016322 7.42 30 0.00240947 0.00817608 0.016322 7.4898 30 0.00241551
zonopsu
0.0130272 0.035823 15.3875 55 0.00260121 0.0129786 0.035823 15.5316 55 0.00258936
0.0140022 0.032083 16.2125 52 0.00265331 0.013968 0.032083 16.3671 52 0.00263787
0.0137186 0.026373 15.9125 55 0.00265514 0.0137187 0.026373 15.9367 55 0.00264131
0.012938 0.029428 15.45 52 0.00253454 0.0128883 0.029428 15.5949 52 0.00251787
0.013043 0.02524 14.975 48 0.00257109 0.0130046 0.02524 15.1139 48 0.00255675
zonocost1
0.0475721 0.166188 113.375 487 0.00178194 0.0485517 0.166188 116.179 487 0.00178156
0.0464248 0.17426 107.825 438 0.001787 0.0473608 0.17426 110.462 438 0.00178667
0.040729 0.123801 86.675 362 0.00181831 0.0415542 0.123801 88.7949 362 0.00181811
0.0492216 0.178699 111.775 482 0.00179988 0.0502602 0.178699 114.538 482 0.00179965
0.0480317 0.174609 109.6 493 0.00180061 0.0490552 0.174609 112.308 493 0.00180051
n_horizon: 10
poly2
0.016598 0.058716 14.36 92 0.00356891 0.0165886 0.058716 14.3469 92 0.00357838
0.0160203 0.05662 13.76 87 0.00354418 0.0160085 0.05662 13.7347 87 0.00355545
0.0165686 0.064666 13.94 92 0.00361062 0.0166384 0.064666 13.9592 92 0.00362058
0.0170713 0.057005 13.26 82 0.00369651 0.0170405 0.057005 13.2245 82 0.00370188
0.0169817 0.063411 14.22 82 0.00362738 0.0169765 0.063411 14.1429 82 0.00363863
nonconvpoly1
0.0153305 0.034064 12.72 46 0.00343714 0.0149984 0.034064 12.3061 46 0.00345003
0.0149651 0.030373 12.78 46 0.00336685 0.0146731 0.030373 12.4694 46 0.00337482
0.0155979 0.034093 12.62 40 0.00340261 0.0152204 0.029948 12.3673 40 0.00339156
0.0152166 0.031036 13.06 44 0.00338025 0.0148938 0.031007 12.7755 44 0.00337182
0.0153247 0.032703 12.86 42 0.00337937 0.0150398 0.032703 12.3265 42 0.00341076
zonopsu
0.0252256 0.065807 27.475 93 0.00368495 0.0250751 0.065807 27.6962 93 0.00365937
0.0237761 0.063317 26.5 75 0.00354924 0.023869 0.063317 26.7722 75 0.0035465
0.0246994 0.06798 27.7 90 0.00355245 0.024683 0.06798 27.962 90 0.00354574
0.0244162 0.056165 27.6875 93 0.00350581 0.0244433 0.056165 27.9494 93 0.00350043
0.0250425 0.071801 27.675 92 0.00358266 0.0250267 0.071801 27.9367 92 0.00357497
zonocost1
0.381909 1.59097 717.175 3039 0.00315476 0.378486 1.59097 706.385 3039 0.00317436
0.425888 1.8529 716.45 3016 0.00354745 0.423461 1.8529 706.051 3016 0.00357826
0.433918 1.9747 731.5 3246 0.00356445 0.431629 1.9747 722.846 3246 0.0035904
0.430482 1.86731 728.325 3062 0.00353788 0.427345 1.86731 716.615 3062 0.00356824
0.430879 1.86194 728.45 3070 0.00353447 0.427836 1.86194 717.205 3070 0.00356363
n_horizon: 15
poly2
0.0333672 0.187174 22.16 184 0.00587508 0.0335466 0.187174 22.3265 184 0.00589002
0.0343079 0.166847 22.4 170 0.00592712 0.0344768 0.166847 22.5102 170 0.00594234
0.0344418 0.190522 22.66 188 0.00597497 0.0347207 0.190522 22.8776 188 0.00599227
0.032354 0.183011 21.68 190 0.00582011 0.0325606 0.183011 21.8571 190 0.00583741
0.0340452 0.190238 22.62 182 0.00600842 0.0342472 0.190238 22.6939 182 0.00603681
nonconvpoly1
0.0224454 0.056105 13.8 54 0.00500878 0.0222959 0.056105 13.4898 54 0.00504155
0.0228498 0.067326 14.38 72 0.00494432 0.0223987 0.067326 13.7551 72 0.00498544
0.0228288 0.064242 13.66 68 0.00507095 0.0226575 0.064242 13.4082 68 0.00509185
0.0230106 0.070727 14.16 64 0.0049492 0.0227342 0.070727 13.6531 64 0.00499044
0.0227426 0.066 13.4 66 0.00492083 0.02255 0.066 13.0816 66 0.00494053
zonopsu
0.048787 0.148731 43.5875 139 0.00527706 0.0490185 0.148731 44.0506 139 0.00526427
0.0495909 0.1325 46.1625 132 0.00518096 0.0496988 0.1325 46.6203 132 0.00515809
0.0486672 0.133438 43.9 130 0.00526311 0.0488966 0.133438 44.3291 130 0.00524337
0.0490132 0.136175 43.9875 112 0.00529228 0.0490787 0.136175 44.4557 112 0.00527239
0.0488553 0.133471 44.2625 117 0.00519443 0.049131 0.133471 44.7342 117 0.00518748
zonocost1
5.2726 29.4529 7268.88 50007 0.00434977 5.21019 29.4529 7230.69 50007 0.00431207
5.26055 29.5149 7251.07 50007 0.00435353 5.19896 29.5149 7212.74 50007 0.00431641
5.25636 29.5031 7246.82 50007 0.00435476 5.19538 29.5031 7208.15 50007 0.00431791
5.25428 28.0877 7219.57 42126 0.00437363 5.19291 28.0877 7181.62 42126 0.00433665
5.26406 29.5032 7251.07 50007 0.00435943 5.2041 29.5032 7213.9 50007 0.00432266
n_horizon: 20
poly2
0.102435 1.10175 67.92 911 0.00792654 0.0978714 1.10175 63.8571 911 0.00799771
0.103332 1.11125 68.32 912 0.00795792 0.0988186 1.11125 64.3265 912 0.00801471
0.103539 1.10651 68.82 915 0.00792194 0.098926 1.10651 64.7347 915 0.00798474
0.0993451 1.08607 66 909 0.00785771 0.0946367 1.08607 61.9184 909 0.00792574
0.103317 1.09727 68.44 913 0.00794083 0.0988059 1.09727 64.449 913 0.0079958
nonconvpoly1
0.0354375 0.09939 18.22 77 0.00669795 0.0355508 0.09939 18.4286 77 0.0067009
0.0348535 0.096214 17.98 73 0.00658663 0.0351201 0.096214 18.1837 73 0.00659863
0.035536 0.096931 18.56 72 0.00673086 0.0356727 0.096931 18.6531 72 0.00674737
0.0346348 0.102519 17.56 68 0.00671862 0.0349082 0.102519 17.7551 68 0.00672035
0.036371 0.103899 18.64 75 0.00670874 0.0366458 0.103899 18.8571 75 0.00671003
zonopsu
0.0792366 0.158491 63.5375 139 0.00620157 0.0782334 0.147035 63.2278 139 0.00612675
0.0785623 0.182134 63.3 148 0.006329 0.0774928 0.182134 62.9747 148 0.00624415
0.0770979 0.177704 62.075 148 0.006295 0.0761628 0.177704 61.8481 148 0.00622074
0.075512 0.161589 61.0875 149 0.00622497 0.0750073 0.161589 61.1013 149 0.0061699
0.0798468 0.16898 64.9875 134 0.00627152 0.0789929 0.16898 64.7722 134 0.00620849
zonocost1
17.3286 57.7803 16741.5 50007 0.00573194 16.2914 51.5257 15888.6 50007 0.00564125
17.36 57.9047 16744.2 50007 0.0057427 16.3203 51.647 15891.4 50007 0.00565075
17.4668 57.9564 16814.5 50007 0.00575558 16.4286 51.7343 15963.4 50007 0.00566469
17.3305 58.002 16733 50007 0.00573909 16.2877 51.5974 15879.9 50007 0.00564599
17.4239 57.9411 16769.7 50007 0.00575174 16.385 51.693 15917.5 50007 0.00566045
