n_horizon: 5
poly2
0.0117651 0.059834 16.98 144 0.00200933 0.0118812 0.059834 17.2449 144 0.00201053
0.0117016 0.05826 17.16 147 0.00203351 0.0118439 0.05826 17.4286 147 0.00203601
0.0113424 0.053735 17.66 141 0.00204911 0.0114714 0.053735 17.9388 141 0.00205152
0.0113521 0.053781 16.88 150 0.00202778 0.0114903 0.053781 17.1429 150 0.00203031
0.011672 0.055619 16.94 145 0.00212326 0.0118113 0.055619 17.2041 145 0.00212601
nonconvpoly1
0.00660468 0.016189 13.54 49 0.00162926 0.00662647 0.016189 13.6939 49 0.00163266
0.00660362 0.015283 12.66 45 0.00170208 0.006625 0.015283 12.7959 45 0.00170643
0.00664384 0.018136 12.84 56 0.00171213 0.00667114 0.018136 12.9796 56 0.00171666
0.00680362 0.017647 13.44 52 0.00177909 0.00682973 0.017647 13.5918 52 0.00178386
0.00663998 0.01969 12.86 49 0.0016743 0.00666251 0.01969 13 49 0.00167823
zonopsu
0.0314258 0.125435 126.463 651 0.00212992 0.0317617 0.125435 127.987 651 0.0021305
0.0332827 0.132745 136.287 703 0.00216918 0.0336379 0.132745 137.949 703 0.00216962
0.0317988 0.135546 128.812 711 0.00210068 0.0321368 0.135546 130.38 711 0.00210111
0.0326636 0.13383 134.162 673 0.00210292 0.0330089 0.13383 135.785 673 0.00210338
0.0303595 0.127602 120.787 671 0.00214648 0.030677 0.127602 122.241 671 0.00214704
zonocost1
0.231759 1.63709 379 3161 0.00376991 0.237462 1.63709 388.667 3161 0.0037702
0.225157 1.61726 372.75 3047 0.00370214 0.230736 1.61726 382.256 3047 0.00370246
0.229956 1.61758 384.3 3076 0.00372179 0.235661 1.61758 394.103 3076 0.0037221
0.233179 1.72687 383.7 3074 0.00375475 0.238965 1.72687 393.487 3074 0.00375506
0.229357 1.66285 387.725 3362 0.00370136 0.235043 1.66285 397.615 3362 0.00370167
n_horizon: 10
poly2
0.0289209 0.163593 32.74 260 0.0054915 0.0289288 0.163593 32.7347 260 0.00552637
0.0294517 0.153021 32.76 244 0.00546318 0.0294387 0.153021 32.8367 244 0.00548291
0.0294662 0.15707 32.58 250 0.00549725 0.0295344 0.15707 32.7551 250 0.0055089
0.029867 0.156843 32.72 252 0.00550694 0.0299403 0.156843 32.7959 252 0.0055319
0.0301665 0.160396 33.8 255 0.0055537 0.0301176 0.160396 33.7551 255 0.00557584
nonconvpoly1
0.0148155 0.055104 19.9 99 0.00315945 0.0148323 0.055104 19.9592 99 0.00317151
0.0156815 0.057364 21.84 105 0.003256 0.0156523 0.057364 21.7347 105 0.00326511
0.0154061 0.063573 21.58 149 0.00332667 0.0154124 0.063573 21.6735 149 0.00333479
0.0155476 0.053819 20.88 84 0.0032709 0.0155649 0.053819 20.9592 84 0.00328092
0.0146203 0.058086 19 110 0.00313901 0.0146922 0.058086 19.102 110 0.00315136
zonopsu
0.108159 0.392855 289.575 1299 0.0039503 0.109419 0.392855 293.114 1299 0.00395105
0.103136 0.359681 264.288 1054 0.00401211 0.104327 0.359681 267.506 1054 0.00401294
0.106384 0.358244 277.113 1160 0.00399832 0.107616 0.358244 280.494 1160 0.0039991
0.104702 0.370176 270.262 1196 0.00399346 0.105909 0.370176 273.557 1196 0.00399424
0.107166 0.353608 278.35 1175 0.00399629 0.108406 0.353608 281.747 1175 0.00399705
zonocost1
0.749873 4.85846 638.5 5097 0.0101339 0.739287 4.85846 628.692 5097 0.0101493
0.779788 5.01305 677.425 5392 0.0100502 0.771702 5.01305 669.564 5392 0.0100689
0.758137 4.72396 654.95 5002 0.0100823 0.74847 4.72396 644.718 5002 0.0101074
0.75456 4.81154 647.15 5066 0.0101278 0.744703 4.81154 637.103 5066 0.0101526
0.788337 4.95258 681.7 5309 0.0100857 0.778305 4.95258 671.128 5309 0.0101032
n_horizon: 15
poly2
0.0825427 0.629501 73.96 753 0.0101407 0.0834713 0.629501 74.8776 753 0.0101721
0.0830146 0.618956 72.16 744 0.0100571 0.0839117 0.618956 73.0408 744 0.0100849
0.08226 0.62306 72.08 750 0.0100664 0.0831027 0.62306 72.8163 750 0.0101027
0.0811848 0.63338 72.06 746 0.0101883 0.0821274 0.63338 73.0816 746 0.0102145
0.0832836 0.629036 73.04 755 0.0100133 0.0842468 0.629036 74 755 0.0100406
nonconvpoly1
0.0250853 0.100897 26.98 155 0.00535309 0.0248667 0.100897 26.4082 155 0.00539046
0.0246718 0.101588 26.28 156 0.00524469 0.0243436 0.101588 25.5102 156 0.00526105
0.0248413 0.103198 26.66 161 0.0053385 0.0245895 0.103198 26.102 161 0.00536458
0.0245696 0.113769 26.22 156 0.00532832 0.0242653 0.113769 25.449 156 0.00535004
0.024714 0.097405 26.72 157 0.00532277 0.0244803 0.097405 25.898 157 0.00536495
zonopsu
0.258213 0.700499 475.35 1573 0.00611806 0.26133 0.700499 481.278 1573 0.00611854
0.259733 0.68708 474.663 1560 0.00616232 0.262861 0.68708 480.544 1560 0.00616302
0.258843 0.704012 465.812 1547 0.00619631 0.261876 0.704012 471.582 1547 0.00619693
0.254183 0.676862 452.25 1574 0.00621354 0.257097 0.676862 457.759 1574 0.00621416
0.257629 0.716385 464.325 1539 0.00617389 0.260729 0.716385 470.076 1539 0.00617464
zonocost1
1.88635 10.4056 1049.88 8562 0.0172754 1.72653 10.4056 953.718 8562 0.0171545
1.53639 10.1665 802.6 6741 0.0177065 1.37324 10.1665 703.077 6741 0.0176383
1.67308 9.91051 874.65 5601 0.0178497 1.50168 9.91051 769.41 5601 0.0178009
1.71683 9.86402 913.625 5270 0.0178505 1.54995 9.86402 812.077 5270 0.0177952
1.62736 10.113 859.475 5793 0.0177935 1.46077 10.113 757.821 5793 0.0177369
n_horizon: 20
poly2
0.241289 2.50254 197.22 2261 0.015005 0.228325 2.50254 184.714 2261 0.0151111
0.241461 2.52046 198.42 2261 0.0151209 0.227678 2.52046 185.633 2261 0.0152045
0.238966 2.51972 195.7 2261 0.0150907 0.225386 2.51972 182.959 2261 0.0151695
0.243188 2.51722 198.7 2267 0.015099 0.229713 2.51722 185.959 2267 0.0151711
0.241504 2.50017 197.68 2262 0.0150379 0.227915 2.50017 185.041 2262 0.0150972
nonconvpoly1
0.0436326 0.225465 38.44 248 0.00798592 0.0440484 0.225465 38.8776 248 0.00801827
0.0436611 0.238135 39.78 277 0.00793482 0.0440237 0.238135 40.2449 277 0.00796193
0.0441918 0.238558 40.16 279 0.00803026 0.0446487 0.238558 40.6735 279 0.0080575
0.0439027 0.231526 39.86 254 0.00785277 0.0442997 0.231526 40.3673 254 0.0078781
0.0435935 0.244095 39.36 272 0.00792017 0.0439996 0.244095 39.8163 272 0.00794981
zonopsu
0.506257 1.18397 692.237 1780 0.00837616 0.508141 1.18397 692.987 1780 0.00839445
0.505276 1.16478 693.425 1806 0.00839207 0.506536 1.16478 693.241 1806 0.00841252
0.504365 1.20975 696.013 1848 0.00833647 0.505602 1.20975 695.797 1848 0.00835489
0.514977 1.26554 704.45 1924 0.00833696 0.516472 1.26554 704.418 1924 0.00835453
0.505712 1.25046 698.075 1889 0.00838412 0.507164 1.25046 698.456 1889 0.00840223
zonocost1
12.5209 60.0305 5861.64 38721 0.0215859 12.7565 60.0305 6097.1 38721 0.021247
13.2225 60.0329 6148.73 38149 0.022141 13.4798 60.0329 6394.1 38149 0.021823
12.7336 60.0453 6025.45 39292 0.0215538 12.945 60.0453 6253.3 39292 0.021195
12.8833 60.033 5911.09 37831 0.0219721 13.0729 60.033 6113.8 37831 0.0216163
2.85637 23.6434 1166.38 14358 0.023476 2.66549 23.6434 1104.08 14358 0.0231482
