n_horizon: 5
zono3D
ours_hz
0.0203404 0.091185 34.75 283 0.00363948 0.0204217 0.091185 35.3846 283 0.00364187
0.021255 0.085297 35.675 272 0.00402803 0.0215679 0.085297 36.3333 272 0.00403925
0.0216942 0.081912 35.9 252 0.00399206 0.0219618 0.081912 36.5641 252 0.00400165
0.0220793 0.089132 36.775 230 0.00402097 0.0224182 0.089132 37.4615 230 0.00403212
0.0214838 0.09412 37.275 276 0.00378986 0.0218009 0.09412 37.9744 276 0.00379892
ours_hrep
0.569672 2.50004 45.5 269 0.0992365 0.579158 2.50004 46.4872 269 0.0993953
0.568516 2.36441 46.35 255 0.0995747 0.578329 2.36441 47.3846 255 0.0997246
0.555798 2.4876 45.35 272 0.0987168 0.565355 2.4876 46.3333 272 0.0988841
0.578566 2.55439 47.4 277 0.100127 0.588601 2.55439 48.4615 277 0.100263
0.567773 2.57782 46.35 287 0.0992573 0.577665 2.57782 47.3846 287 0.0993985
gurobi_hz
0.0747747 0.118714 686.875 2080 0 0.0747862 0.118714 693.333 2080 0
0.0754891 0.120389 686.875 2080 0 0.0754177 0.120389 693.333 2080 0
0.0750529 0.114615 686.875 2080 0 0.0749586 0.114615 693.333 2080 0
0.0751054 0.118199 686.875 2080 0 0.0750261 0.118199 693.333 2080 0
0.0758691 0.1175 686.875 2080 0 0.0758045 0.1175 693.333 2080 0
gurobi_hrep
0.40282 0.483659 39.575 893 0 0.403037 0.483659 40.5641 893 0
0.403193 0.48709 39.575 893 0 0.403561 0.48709 40.5641 893 0
0.401907 0.492165 39.575 893 0 0.40237 0.492165 40.5641 893 0
0.403314 0.491626 39.575 893 0 0.403815 0.491626 40.5641 893 0
0.402576 0.483359 39.575 893 0 0.402842 0.483359 40.5641 893 0
ours_hz_warmstart
0.0237145 0.038244 26.725 62 0.0054453 0.0241066 0.038244 27.1538 62 0.00547554
0.0254297 0.051917 28 91 0.00555497 0.0258366 0.051917 28.5385 91 0.00557069
0.0254199 0.041279 26.9 61 0.00564556 0.0258466 0.041279 27.3333 61 0.0056774
0.0253352 0.03841 27.875 67 0.00556586 0.0256764 0.03841 28.3333 67 0.00559173
0.024279 0.039924 26.1 57 0.00556542 0.0245788 0.039924 26.5128 57 0.00558818
n_horizon: 10
zono3D
ours_hz
0.0538571 0.19583 103.925 524 0.00492951 0.0502167 0.149461 93.1538 429 0.0049879
0.0562447 0.154766 105.95 449 0.00489336 0.0537746 0.154766 97.4359 449 0.00494118
0.0565653 0.190883 107.475 544 0.00494966 0.0531213 0.171681 96.2821 495 0.00504632
0.0672845 0.18677 108.05 502 0.00587222 0.0644322 0.18677 98.8205 502 0.00602625
0.0668507 0.222431 101.575 466 0.00628374 0.0635424 0.222431 92.4872 466 0.00638952
ours_hrep
2.46324 15.2666 124.45 880 0.229744 2.13495 13.1622 105.077 751 0.224612
2.41794 14.067 124.325 817 0.233265 2.11925 11.3023 106.564 633 0.229721
2.40778 14.2181 122.1 823 0.228673 2.10495 12.7021 104.128 720 0.224324
2.41483 14.4573 121.25 831 0.230556 2.10605 11.893 103.051 670 0.226368
2.48701 14.4395 126.375 842 0.231295 2.18053 12.0815 108.026 683 0.227186
gurobi_hz
0.327094 0.616996 3876.38 10064 0 0.32656 0.616996 3872.21 10064 0
0.329954 0.618295 3876.38 10064 0 0.328442 0.618295 3872.21 10064 0
0.331379 0.610679 3876.38 10064 0 0.329657 0.610679 3872.21 10064 0
0.328466 0.617037 3876.38 10064 0 0.326775 0.617037 3872.21 10064 0
0.329861 0.61495 3876.38 10064 0 0.328022 0.61495 3872.21 10064 0
gurobi_hrep
1.64868 3.09638 1845.35 11032 0 1.61155 2.11694 1609.79 5551 0
1.64677 3.00785 1845.35 11032 0 1.61187 2.1765 1609.79 5551 0
1.64655 3.12146 1845.35 11032 0 1.60873 2.16986 1609.79 5551 0
1.65173 2.93945 1845.35 11032 0 1.61871 2.11972 1609.79 5551 0
1.63651 2.89828 1845.35 11032 0 1.60416 2.18929 1609.79 5551 0
ours_hz_warmstart
0.0579684 0.173575 58.575 465 0.00720458 0.0550041 0.155882 48.1538 378 0.00789606
0.0647035 0.209479 58.5 484 0.00801254 0.0609913 0.184381 47.5897 380 0.00874099
0.0594557 0.179067 56.8 442 0.00793889 0.0564124 0.179067 46.9231 374 0.00866972
0.0610062 0.189405 56.375 439 0.00784226 0.0577139 0.171514 46.5641 372 0.00848943
0.0606984 0.185883 58.025 462 0.00779194 0.0574886 0.178756 47.6667 350 0.00843351
n_horizon: 15
zono3D
ours_hz
0.109582 0.278398 129.15 399 0.00826104 0.108833 0.278398 126.462 399 0.00831528
0.097346 0.273043 112.225 356 0.00806143 0.0962492 0.273043 108.949 356 0.00813198
0.108246 0.321674 129.475 413 0.00811291 0.108018 0.321674 127.487 413 0.00817689
0.106837 0.267299 125.45 373 0.00805409 0.105598 0.267299 122.436 373 0.00809176
0.110323 0.294582 130.6 410 0.00838686 0.109697 0.294582 128.077 410 0.00844913
ours_hrep
3.74205 11.9205 123.575 384 0.350393 3.65692 11.9205 120.308 384 0.348485
4.10331 16.1376 138.55 588 0.356263 4.07074 16.1376 137.308 588 0.355358
4.18351 18.3241 139.025 708 0.352212 4.09617 18.3241 135.538 708 0.35037
3.87155 14.4036 130.15 538 0.354208 3.80122 14.4036 127.436 538 0.35271
3.9726 14.1328 133.325 552 0.357541 3.89577 14.1328 130.385 552 0.355983
gurobi_hz
0.785454 2.19922 7774.9 40265 0 0.775296 2.19922 7554.82 40265 0
0.788869 2.21462 7774.9 40265 0 0.77695 2.21462 7554.82 40265 0
0.790273 2.1889 7774.9 40265 0 0.778601 2.1889 7554.82 40265 0
0.789186 2.21123 7774.9 40265 0 0.777258 2.21123 7554.82 40265 0
0.784551 2.1895 7774.9 40265 0 0.772862 2.1895 7554.82 40265 0
gurobi_hrep
4.11298 7.34552 4241.65 21050 0 4.07704 7.34552 3997.05 21050 0
4.09917 7.60645 4241.65 21050 0 4.06694 7.60645 3997.05 21050 0
4.1003 7.48338 4241.65 21050 0 4.07156 7.48338 3997.05 21050 0
4.33865 7.51361 4241.65 21050 0 4.31577 7.51361 3997.05 21050 0
4.13702 7.55889 4241.65 21050 0 4.0914 7.55889 3997.05 21050 0
ours_hz_warmstart
0.0713347 0.160917 52.325 256 0.00906242 0.0696829 0.160917 47.1026 214 0.00946835
0.074376 0.128796 44.125 196 0.0111871 0.0732218 0.128796 40.2308 144 0.0117213
0.0782362 0.178859 52.675 222 0.010262 0.0768587 0.178859 48.3333 210 0.0106434
0.0780152 0.175784 52.175 210 0.0101727 0.0768249 0.175784 48.1282 209 0.0105478
0.0712457 0.150885 46.5 267 0.0104903 0.0692036 0.122534 40.8462 128 0.0111079
n_horizon: 20
zono3D
ours_hz
0.194557 0.528239 196.35 626 0.010245 0.196843 0.528239 198.256 626 0.0102715
0.183256 0.543492 183.8 669 0.0100226 0.185103 0.543492 185.564 669 0.0100355
0.189881 0.544535 192.325 676 0.010286 0.191904 0.544535 194 676 0.0103123
0.189371 0.52537 192.975 662 0.0100171 0.190575 0.52537 193.641 662 0.0100371
0.184517 0.484298 187.2 607 0.00996879 0.186021 0.484298 188.59 607 0.0099916
ours_hrep
8.14593 35.0872 207.1 943 0.514559 8.03354 35.0872 203.821 943 0.513813
7.70006 35.2691 196.4 955 0.509905 7.59491 35.2691 193.308 955 0.509304
7.43106 32.18 189.525 874 0.506855 7.30138 32.18 185.744 874 0.506046
7.63346 37.8466 193.275 986 0.50751 7.47113 37.8466 188.564 986 0.506313
7.14457 29.7865 180.925 789 0.50857 6.99163 29.7865 176.513 789 0.508102
gurobi_hz
1.34452 4.40783 12160.9 68505 0 1.28876 4.40783 11109.6 68505 0
1.3463 4.41168 12160.9 68505 0 1.28758 4.41168 11109.6 68505 0
1.34758 4.40617 12160.9 68505 0 1.28979 4.40617 11109.6 68505 0
1.34923 4.38748 12160.9 68505 0 1.29101 4.38748 11109.6 68505 0
1.34729 4.41264 12160.9 68505 0 1.28863 4.41264 11109.6 68505 0
gurobi_hrep
23.8636 64.7406 79710 327255 0 26.1859 64.7406 91339.8 327255 0
23.8315 64.689 79359.2 325150 0 26.0513 64.689 90918.8 325150 0
23.7754 64.7439 80433.7 331597 0 26.099 64.7439 92208.2 331597 0
23.7051 64.6441 79500.5 325998 0 25.9815 64.6441 91088.4 325998 0
23.8338 64.7342 79688.8 327128 0 26.0877 64.7342 91314.4 327128 0
ours_hz_warmstart
0.108694 0.407944 68.75 517 0.0112095 0.10785 0.407944 67.0256 517 0.0112539
0.102162 0.271019 51.925 308 0.0125795 0.100796 0.271019 48.8205 308 0.0128653
0.108716 0.425621 70.275 531 0.0111448 0.108518 0.425621 68.3846 531 0.0112909
0.106074 0.381246 66.15 453 0.011739 0.105024 0.381246 62.9487 453 0.0119718
0.102195 0.396355 65.575 493 0.010936 0.10243 0.396355 64.5128 493 0.0110527
