n_horizon: 5
zono3D
0.0328844 0.144748 29.45 153 0.00444795 0.0332476 0.144748 30.0769 153 0.00444283
0.0326727 0.10084 31.675 144 0.00449169 0.0328271 0.10084 32.1538 144 0.00446703
0.0324436 0.11324 28.8 149 0.00445395 0.0328087 0.11324 29.4359 149 0.00444754
0.0329124 0.091598 31.85 176 0.0043436 0.0332907 0.091598 32.5641 176 0.00433794
0.0304905 0.095004 28.275 133 0.00436098 0.0305934 0.095004 28.6667 133 0.00433617
n_horizon: 10
zono3D
0.0865687 0.304317 80.075 420 0.00564143 0.0814155 0.304317 72.4615 420 0.00573439
0.0834929 0.294543 76.5 422 0.00572766 0.07853 0.294543 69.2051 422 0.00580625
0.0832916 0.304647 80.875 404 0.00559179 0.0789308 0.304647 74.0256 404 0.00566823
0.0814536 0.2825 78.025 406 0.00566139 0.0762986 0.270571 70.4872 406 0.00572808
0.0818508 0.289633 78.775 409 0.00555659 0.0766762 0.289633 71.0256 409 0.00565541
n_horizon: 15
zono3D
0.120676 0.374595 92.25 299 0.00693574 0.119318 0.374595 90.4103 299 0.00695372
0.125338 0.354315 96.15 283 0.00688562 0.123807 0.354315 93.8462 283 0.00691369
0.127123 0.368237 95.05 289 0.00698546 0.126583 0.368237 94.1538 289 0.00699038
0.131289 0.353469 98.7 305 0.0069433 0.130129 0.353469 96.8462 305 0.00696887
0.124704 0.345823 93.725 270 0.00680578 0.122939 0.345823 91.3846 270 0.00681154
n_horizon: 20
zono3D
0.194813 0.599571 131.575 541 0.00824724 0.19683 0.599571 132.821 541 0.00825194
0.203904 0.636772 136.675 536 0.00834658 0.205203 0.636772 137.513 536 0.00834139
0.205898 0.628871 140.3 528 0.00849161 0.208004 0.628871 141.615 528 0.00849335
0.204077 0.659003 135 539 0.00841723 0.204917 0.659003 135.462 539 0.00841144
0.223666 0.725299 137.675 559 0.00917128 0.225885 0.725299 138.872 559 0.00917823
