poly2
-20 0
-19.5 -0.00498308
-18.4998 -0.0167758
-17.4995 -0.0326594
-16.4992 -0.0840441
-15.4989 -0.154197
-14.4988 -0.210828
-13.4986 -0.270574
-12.4983 -0.305296
-11.4981 -0.278323
-10.4978 -0.160457
-9.49764 0.0748443
-8.49747 0.435174
-7.4973 0.923074
-6.49714 1.50545
-5.49702 2.13966
-4.49692 2.86811
-3.49681 3.59699
-2.49671 4.09989
-1.49661 4.32971
-0.496528 4.45312
0.503505 4.368
1.50353 3.93194
2.5036 3.30591
3.50366 2.61363
4.50367 1.94359
5.50366 1.35181
6.50362 0.865064
7.50356 0.484443
8.50351 0.202225
9.50348 0.0055069
10.5035 -0.120821
11.5034 -0.192031
12.5034 -0.222288
13.5034 -0.223908
14.5033 -0.207047
15.503 -0.179696
16.4768 -0.147831
17.369 -0.115635
18.1335 -0.0858062
18.7503 -0.0598788
19.2186 -0.0385217
19.5502 -0.0217965
19.7637 -0.00937136
19.8822 -0.000689907
19.9356 0.00490823
19.9496 0.00809192
19.941 0.00947777
19.9219 0.00960375
19.8996 0.00891451
19.8785 0.00775946
nonconvpoly1
-20 0
-19.5 0.109125
-18.4999 0.417646
-17.4996 0.885138
-16.4993 1.40117
-15.499 1.88123
-14.4988 2.3286
-13.4985 2.66779
-12.4983 2.84966
-11.4981 2.91284
-10.4979 2.88366
-9.49772 2.72524
-8.49756 2.42902
-7.49742 2.05698
-6.49729 1.65431
-5.49717 1.25947
-4.49706 0.900431
-3.49693 0.595422
-2.49676 0.368817
-1.49663 0.24279
-0.496549 0.220121
0.50352 0.299395
1.50356 0.467549
2.50357 0.705636
3.50356 0.999011
4.50356 1.33431
5.50357 1.69538
6.50352 2.05842
7.50345 2.38682
8.5034 2.6266
9.50342 2.70373
10.5034 2.57541
11.5032 2.28742
12.5031 1.92041
13.503 1.53225
14.503 1.1616
15.5027 0.831776
16.4776 0.554431
17.372 0.332807
18.1395 0.164524
18.76 0.0437966
19.2327 -0.0368775
19.5691 -0.0854965
19.7883 -0.109736
19.9143 -0.116454
19.9724 -0.111435
19.9863 -0.0993138
19.9767 -0.0836221
19.9579 -0.0669027
19.9372 -0.0508632
19.9184 -0.036541
zonopsu
-37.5 0
-37 2.45678e-19
-36 5.01421e-19
-34.9997 0.00202761
-33.9991 0.010043
-32.9984 0.0094554
-31.9981 -0.0169243
-30.9982 -0.0727331
-29.9979 -0.16397
-28.9973 -0.187862
-27.9967 -0.0551213
-26.9964 0.202115
-25.9961 0.262273
-24.9955 0.317461
-23.995 0.766791
-22.9945 1.40498
-21.9939 2.00066
-20.9934 2.37624
-19.9929 2.52779
-18.9924 2.54247
-17.9919 2.48877
-16.9914 2.41079
-15.991 2.32995
-14.9905 2.25036
-13.99 2.1542
-12.9898 2.0019
-11.9898 1.76963
-10.9895 1.49287
-9.98912 1.23493
-8.98892 1.0323
-7.98889 0.893624
-6.98888 0.86266
-5.98895 0.976365
-4.98908 1.217
-3.9892 1.5612
-2.98926 1.97601
-1.98931 2.40043
-0.989353 2.74378
0.0106378 2.89087
1.01058 2.69962
2.01047 1.99994
3.01027 1.00001
4.00514 1.54727e-06
5.00004 -1.00002
5.99995 -1.99995
7.00002 -2.70258
8.00007 -2.90067
9.00004 -2.7609
9.99996 -2.42019
11 -1.99253
12.0002 -1.58503
13.0003 -1.25994
14.0003 -1.02699
15.0004 -0.875336
16.0005 -0.799709
17.0005 -0.789559
18.0007 -0.840428
19.0007 -0.970303
20.0007 -1.18084
21.0007 -1.45366
22.0007 -1.74842
23.0007 -2.00053
24.0006 -2.15716
25.0005 -2.22552
26.0004 -2.23955
27.0003 -2.21404
28.0003 -2.14316
29.0005 -2.00031
30.0005 -1.76972
31.0003 -1.48063
32.0002 -1.1774
32.9999 -0.889389
33.9744 -0.634158
34.8689 -0.420296
35.6374 -0.249983
36.2594 -0.121132
36.7336 -0.0290868
37.0715 0.03207
37.2927 0.0685942
37.4206 0.0864536
37.4806 0.0909551
zonocost1
0 2.5
0.499999 2.50389
1.5 2.47587
2.50002 2.39586
3.50009 2.24159
4.50015 2.00127
5.50019 1.65119
6.50023 1.16253
7.50025 0.591237
8.50027 -0.00797099
9.50028 -0.568736
10.5003 -1.09831
11.5003 -1.48595
12.5003 -1.62355
13.5003 -1.6092
14.5003 -1.5023
15.5002 -1.30648
16.5001 -1.00001
17.5 -0.556197
18.5 -0.00494284
19.4999 0.561015
20.4957 1.0779
21.4651 1.52197
22.3582 1.88396
23.1273 2.16451
23.7512 2.3705
24.2281 2.51232
24.5686 2.60177
24.7917 2.65062
24.9208 2.66965
24.9814 2.66815
24.9986 2.6537
24.9945 2.63214
24.9837 2.60777
24.9721 2.58356
24.9617 2.56139
24.9534 2.54231
24.9472 2.52672
24.9429 2.51463
24.9403 2.50573
24.9389 2.49958
