n_horizon: 5
zono3D
0.0305348 0.094522 39.55 250 0.00395815 0.0308342 0.094522 40.3077 250 0.00396121
0.0327007 0.120784 42.875 260 0.00407046 0.0330375 0.120784 43.2564 260 0.00406386
0.03169 0.106669 38.9 232 0.0040622 0.031729 0.106669 39.641 232 0.00403992
0.032398 0.09452 38.5 206 0.00410124 0.0327348 0.09452 39.1538 206 0.00409619
0.0314487 0.097896 42.025 266 0.00406652 0.031813 0.097896 43 266 0.00406207
n_horizon: 10
zono3D
0.0844236 0.251789 115.45 485 0.0057079 0.0816282 0.251789 106.385 485 0.00582237
0.0848965 0.245794 109.825 503 0.00572788 0.0819878 0.245794 99.7436 455 0.00587307
0.0814008 0.267306 110.125 449 0.00578563 0.0788864 0.267306 101.436 371 0.00589387
0.0806248 0.246137 106.875 456 0.00572753 0.0781249 0.246137 98.4872 456 0.00585059
0.0810628 0.224731 109.575 492 0.0058119 0.0781126 0.224731 99.7692 409 0.00595207
n_horizon: 15
zono3D
0.138562 0.394857 146.375 432 0.0077211 0.138456 0.394857 144 432 0.00778061
0.140504 0.3756 152.9 448 0.00759299 0.13982 0.3756 149.744 448 0.00764975
0.140011 0.403294 148.75 456 0.00762313 0.14036 0.403294 147.359 456 0.00767414
0.13985 0.377496 150.175 481 0.00763107 0.13947 0.377496 147.487 481 0.0076808
0.138025 0.383147 141.4 426 0.00763096 0.138241 0.383147 139.205 426 0.0076957
n_horizon: 20
zono3D
0.220808 0.53882 212.525 683 0.00961165 0.223919 0.53882 215.256 683 0.00962957
0.216189 0.590502 211.25 748 0.00941278 0.219438 0.590502 214.051 748 0.00943038
0.216946 0.55124 211.65 703 0.00950411 0.218779 0.55124 212.744 703 0.00953359
0.217933 0.608181 211.275 726 0.00937989 0.220321 0.608181 212.462 726 0.00940508
0.216846 0.532864 213.675 687 0.00957025 0.21975 0.532864 216.436 687 0.00959211
