n_horizon: 5
poly2
0.00762868 0.029979 9.6 56 0.00198692 0.00769831 0.029979 9.71429 56 0.00199155
0.00746248 0.025198 9.54 53 0.00201128 0.00753345 0.025198 9.65306 53 0.00201563
0.0076401 0.029046 9.8 58 0.00210413 0.00771851 0.029046 9.91837 58 0.00211045
0.0075808 0.031229 9.76 55 0.00207432 0.00766096 0.031229 9.87755 55 0.00208048
0.0072436 0.024133 9.36 50 0.00198208 0.00731516 0.024133 9.46939 50 0.00198752
nonconvpoly1
0.00604074 0.021215 8.02 46 0.00196395 0.00609412 0.021215 8.10204 46 0.0019706
0.00606364 0.017056 7.82 45 0.00188669 0.00611669 0.017056 7.89796 45 0.00189275
0.00604626 0.023032 7.96 42 0.00203465 0.00609829 0.023032 8.04082 42 0.00204199
0.00600904 0.016862 7.64 32 0.0018696 0.00606031 0.016862 7.71429 32 0.00187561
0.00608364 0.02025 7.72 40 0.0019095 0.00613594 0.02025 7.79592 40 0.0019159
zonopsu
0.00777431 0.021646 17.075 74 0.00201213 0.00781984 0.021646 17.2405 74 0.00201369
0.00856705 0.026321 16.9875 63 0.00235797 0.00862025 0.026321 17.1519 63 0.00236057
0.00834929 0.024525 17.0125 61 0.00225064 0.00840282 0.024525 17.1772 61 0.00225296
0.00888816 0.031169 17.6125 70 0.00231271 0.0089481 0.031169 17.7848 70 0.00231509
0.00816256 0.023268 18.1 73 0.00206442 0.00821113 0.023268 18.2785 73 0.00206595
zonocost1
0.0323232 0.16897 42.375 439 0.00204156 0.0329164 0.16897 43.359 439 0.00204239
0.03219 0.169387 42.2 462 0.00198122 0.0327827 0.169387 43.1795 462 0.0019819
0.0321363 0.164269 42.425 437 0.00201091 0.0327323 0.164269 43.4103 437 0.0020117
0.032269 0.175296 42.825 433 0.00200891 0.0328671 0.175296 43.8205 433 0.00200968
0.0321885 0.167774 42.75 456 0.00195596 0.0327872 0.167774 43.7436 456 0.00195658
n_horizon: 10
poly2
0.0251074 0.10127 19.3 141 0.0057117 0.0252366 0.10127 19.3673 141 0.00574923
0.0254136 0.103395 19.62 129 0.00576906 0.0255128 0.103395 19.6939 129 0.00580454
0.024219 0.105488 18.54 139 0.0056739 0.0242964 0.105488 18.5918 139 0.00570923
0.0253492 0.108086 19.48 140 0.00570503 0.0253862 0.108086 19.3878 140 0.00574162
0.0243808 0.095702 18.2 122 0.00558225 0.0244183 0.095702 18.1837 122 0.00562394
nonconvpoly1
0.0177702 0.040604 14.54 67 0.00421219 0.0175594 0.040604 14.2041 67 0.00425428
0.0182307 0.049389 14.36 69 0.00443886 0.0180391 0.049389 14.0204 69 0.00449925
0.0177396 0.041527 14.22 70 0.00414967 0.0175141 0.041527 13.8163 70 0.00420111
0.0174268 0.040157 14.64 66 0.00416827 0.017198 0.040157 14.3061 66 0.00420993
0.0168916 0.037972 13.18 60 0.00408821 0.0166735 0.037972 12.7551 60 0.00412819
zonopsu
0.0215954 0.059443 33.4125 109 0.00392218 0.021713 0.059443 33.7468 109 0.00392336
0.0215345 0.063695 34.05 118 0.00391556 0.021649 0.063695 34.3924 118 0.00391668
0.0213253 0.060408 35.85 114 0.00374446 0.0214395 0.060408 36.2152 114 0.0037452
0.0210353 0.051398 34.425 98 0.0037705 0.021145 0.051398 34.7722 98 0.0037713
0.0212382 0.058033 34.3 113 0.00381987 0.0213503 0.058033 34.6456 113 0.00382079
zonocost1
0.435529 2.27667 498.1 4303 0.00637504 0.41531 2.27667 441.487 4303 0.00667534
0.456741 2.5391 519.2 4259 0.00707958 0.429532 2.5391 466.205 4259 0.00725598
0.486361 2.68913 561.85 4448 0.00698479 0.459501 2.68913 511.436 4448 0.00711655
0.48829 2.61127 571.425 4416 0.00695603 0.460988 2.61127 517.231 4416 0.00710753
0.481485 2.57371 561.55 4290 0.00697177 0.454146 2.57371 510.359 4290 0.00710171
n_horizon: 15
poly2
0.0676841 0.341391 32.36 228 0.0131354 0.0683182 0.341391 32.6939 228 0.013197
0.0702653 0.35552 32.8 237 0.013128 0.070947 0.35552 33.1429 237 0.0131852
0.0681239 0.359049 31.76 212 0.013037 0.0687654 0.359049 32.0816 212 0.0130941
0.0659447 0.365603 30.32 215 0.0129147 0.0664758 0.365603 30.6122 215 0.012972
0.0692388 0.374038 32.72 222 0.0131201 0.0699485 0.374038 33.0612 222 0.0131821
nonconvpoly1
0.0349149 0.097395 14.8 66 0.00845714 0.0345214 0.097395 14.102 66 0.00850367
0.0350423 0.105335 15.12 70 0.00849195 0.0346187 0.105335 14.3265 70 0.00856303
0.0342428 0.104321 14.4 61 0.00836459 0.0340301 0.104321 13.9388 61 0.00842922
0.0348548 0.097335 14.8 65 0.00829369 0.0345885 0.097335 14.2449 65 0.0083503
0.0354558 0.092436 14.92 65 0.00841013 0.0349894 0.092436 14.102 65 0.00848985
zonopsu
0.0579156 0.119638 63.2625 157 0.00700851 0.0582985 0.119638 63.9747 157 0.0070091
0.0583134 0.132242 63.6 178 0.00708706 0.0588166 0.132242 64.3038 178 0.00708963
0.0563827 0.123858 60.6 161 0.00709449 0.056857 0.123858 61.2785 161 0.00709672
0.0580455 0.1275 62.7375 186 0.00710066 0.0585731 0.1275 63.481 186 0.0071014
0.0590944 0.138861 65.8 184 0.00715951 0.0596101 0.138861 66.5443 184 0.00716193
zonocost1
1.11417 8.53195 727.025 8739 0.0164758 1.00582 8.53195 700.462 8739 0.0148142
1.11966 8.7235 698.675 8379 0.0171594 1.01344 8.7235 671.615 8379 0.0154986
1.61661 21.8794 855.65 9766 0.0225474 1.5221 21.8794 831.718 9766 0.0215023
1.29304 11.1496 735.6 8700 0.0198982 1.18362 11.1496 706.026 8700 0.0184283
1.11934 9.28714 698.85 8815 0.0171951 1.02057 9.28714 674.59 8815 0.0156408
n_horizon: 20
poly2
0.190426 1.48225 94.36 993 0.0207361 0.185278 1.48225 89.2041 993 0.0211188
0.192471 1.49315 93.64 995 0.0208996 0.185467 1.49315 87.8776 995 0.0211073
0.189027 1.49038 93.42 994 0.020852 0.182107 1.49038 88.0816 994 0.0210203
0.188 1.50546 93.26 997 0.0209133 0.181675 1.50546 88.1429 997 0.0210444
0.188652 1.48472 93.64 992 0.0207797 0.181746 1.48472 88.2857 992 0.0209314
nonconvpoly1
0.06613 0.209443 22.98 107 0.0133592 0.0668308 0.209443 23.2857 107 0.0133923
0.0651489 0.189771 22.9 97 0.0128612 0.0658201 0.189771 23.2041 97 0.0128896
0.0657624 0.202688 23.02 101 0.013182 0.0662895 0.202688 23.2245 101 0.0132297
0.0655048 0.204194 23.16 85 0.0132751 0.0660413 0.204194 23.4286 85 0.0133087
0.0664805 0.204138 24.54 114 0.0131765 0.0672008 0.204138 24.8776 114 0.0132061
zonopsu
0.11269 0.218988 101.263 254 0.0100222 0.112109 0.218988 100.835 254 0.00998039
0.109322 0.207459 97.7 219 0.00996908 0.10883 0.207459 97.3165 219 0.00993396
0.112614 0.216848 101.612 237 0.0100002 0.111497 0.216848 100.418 237 0.00993872
0.108979 0.206169 96.4875 225 0.00992991 0.108579 0.206169 96 225 0.009901
0.108431 0.222372 95.4125 244 0.00988127 0.107353 0.222372 94.2405 244 0.00982121
zonocost1
0.78983 7.50675 129.125 2875 0.0447228 0.652248 7.50675 97.0769 2875 0.0554735
0.764977 7.57941 123.2 2781 0.0416404 0.632401 7.57941 91.8718 2781 0.0516512
0.895122 7.44926 130.775 2688 0.0539498 0.764445 7.44926 98.6667 2688 0.0681005
0.893858 7.76894 137.15 2898 0.0521479 0.760703 7.76894 104.282 2898 0.0649446
0.901747 7.56846 129.075 2665 0.0562783 0.776586 7.56846 99.7436 2665 0.0698006
