zono3D
-15 0 0
-14.5 0.239959 0.135787
-13.4999 0.875504 0.475472
-12.4997 1.73251 0.907561
-11.4996 2.6225 1.3389
-10.4995 3.3336 1.64577
-9.49942 3.7191 1.77844
-8.49921 3.79742 1.80771
-7.49903 3.65377 1.7351
-6.49895 3.33494 1.55051
-5.49886 2.88199 1.3141
-4.49878 2.36197 1.07058
-3.49872 1.84069 0.852286
-2.49869 1.3603 0.673145
-1.49868 0.944508 0.541755
-0.498673 0.603244 0.470307
0.501324 0.336886 0.469866
1.5013 0.139724 0.548767
2.5012 0.00257185 0.704667
3.50109 -0.0852676 0.925137
4.50104 -0.134592 1.18639
5.50096 -0.155353 1.45114
6.50084 -0.156199 1.66701
7.50079 -0.144248 1.79221
8.50073 -0.125074 1.82697
9.50034 -0.102816 1.78685
10.4998 -0.0803661 1.66719
11.4747 -0.0595891 1.46957
12.3697 -0.0415427 1.22566
13.1383 -0.0266852 0.971704
13.7602 -0.0150541 0.731641
14.2343 -0.00641554 0.519671
14.5723 -0.00038063 0.342616
14.7935 0.00350746 0.202042
14.9211 0.00571235 0.0960306
14.9807 0.00666499 0.0205891
14.9967 0.00674102 -0.02928
14.9903 0.00625058 -0.0588146
14.9764 0.00543727 -0.0729892
14.9612 0.00448258 -0.0762118
14.9477 0.00351387 -0.0721764
