zono3D
-15 0 0
-14.5 0.239489 0.0500116
-13.4999 0.874497 0.192322
-12.4997 1.73161 0.332073
-11.4995 2.62205 0.39439
-10.4993 3.33362 0.402313
-9.4992 3.71937 0.624593
-8.49907 3.79765 1.06632
-7.49896 3.6539 1.43918
-6.49886 3.33495 1.63506
-5.49882 2.88185 1.62733
-4.49879 2.36174 1.50099
-3.49872 1.84042 1.32187
-2.49872 1.36004 1.12488
-1.49872 1.02692 0.941067
-0.498701 0.814551 0.804098
0.501301 0.613681 0.734316
1.50128 0.436223 0.746023
2.5012 0.287935 0.841582
3.50113 0.294014 1.01126
4.50101 0.575912 1.23254
5.50086 0.887697 1.46865
6.50077 1.016 1.66702
7.5007 1.50298 1.78456
8.50058 2.34449 1.81897
9.50043 2.98501 1.7818
10.4998 3.33339 1.66804
11.4729 3.34542 1.47708
12.3656 3.08974 1.23674
13.1332 2.67921 0.984167
13.7551 2.20254 0.743994
14.2297 1.72171 0.530965
14.5686 1.27668 0.35233
14.7909 0.89012 0.209969
14.9196 0.571842 0.102181
14.98 0.322662 0.0251123
14.9966 0.137574 -0.0261589
14.9905 0.00825765 -0.0568394
14.9767 -0.0750672 -0.0719043
14.9615 -0.122329 -0.0757829
14.948 -0.14276 -0.072201
