poly2
-20 0
-19.5 -0.00498308
-18.4998 -0.0167758
-17.4995 -0.0326594
-16.4992 -0.0606548
-15.4989 -0.0971534
-14.4987 -0.135438
-13.4985 -0.179634
-12.4983 -0.213051
-11.4981 -0.173466
-10.4979 -0.0257438
-9.49769 0.200435
-8.49751 0.492257
-7.49733 0.890038
-6.49719 1.41116
-5.49706 2.02265
-4.49694 2.76113
-3.49683 3.51832
-2.49673 4.04872
-1.49663 4.3009
-0.496546 4.31887
0.503531 4.10067
1.50358 3.66054
2.50358 3.07823
3.50356 2.44934
4.50356 1.84702
5.50362 1.31403
6.50369 0.867861
7.50368 0.512925
8.50367 0.244829
9.50368 0.0537267
10.5037 -0.0728671
11.5036 -0.148091
12.5035 -0.184436
13.5033 -0.193134
14.5029 -0.183421
15.5027 -0.162534
16.4766 -0.136174
17.3689 -0.108429
18.1334 -0.0820214
18.7502 -0.0585838
19.2185 -0.0389218
19.5502 -0.0232482
19.7637 -0.0113792
19.8822 -0.00289265
19.9356 0.00275701
19.9496 0.00614565
19.941 0.00781813
19.9219 0.00826004
19.8996 0.0078802
19.8785 0.00700563
nonconvpoly1
-20 0
-19.5 0.0474411
-18.4998 0.184592
-17.4995 0.496888
-16.4992 0.963681
-15.4989 1.46444
-14.4986 1.97756
-13.4984 2.47557
-12.4982 2.82769
-11.498 2.95208
-10.4978 2.90473
-9.49763 2.71117
-8.49745 2.39159
-7.49728 1.99653
-6.49713 1.58327
-5.49701 1.19023
-4.4969 0.839361
-3.49678 0.543093
-2.49664 0.327631
-1.49654 0.212138
-0.496473 0.197411
0.503637 0.283544
1.50373 0.457255
2.50374 0.70022
3.50376 0.998183
4.50378 1.33669
5.5038 1.69905
6.50381 2.06201
7.50377 2.3895
8.50316 2.62993
9.50253 2.70376
10.5025 2.56818
11.5024 2.27612
12.5023 1.90742
13.5022 1.51921
14.5022 1.14957
15.502 0.821362
16.4769 0.545878
17.3714 0.326127
18.1389 0.159576
18.7596 0.0403511
19.2324 -0.0390869
19.5689 -0.086739
19.7881 -0.110262
19.9142 -0.116479
19.9723 -0.111138
19.9863 -0.0988344
19.9767 -0.0830647
19.9579 -0.06634
19.9373 -0.0503421
19.9184 -0.0360881
zonopsu
-37.5 0
-37 2.45678e-19
-35.9997 0.00122255
-34.999 0.00112466
-33.9983 0.00279862
-32.9976 -0.00226903
-31.9972 0.000918144
-30.9968 0.0447224
-29.9965 0.131256
-28.9966 0.262339
-27.9963 0.440661
-26.9957 0.666807
-25.9951 0.92901
-24.9946 1.20638
-23.994 1.49243
-22.9935 1.77428
-21.9929 2.00169
-20.9924 2.12496
-19.9919 2.1549
-18.9914 2.15368
-17.9909 2.15458
-16.9905 2.15624
-15.99 2.15705
-14.9896 2.14898
-13.9891 2.11545
-12.9889 2.00079
-11.9886 1.78362
-10.9882 1.51803
-9.98779 1.26505
-8.9874 1.06267
-7.98719 0.921609
-6.98718 0.887051
-5.9872 0.993498
-4.98719 1.23039
-3.98716 1.57499
-2.98716 1.98697
-1.9872 2.40795
-0.987233 2.74826
0.0127631 2.89297
1.01266 2.70017
2.01253 2.00001
3.01248 1.00011
4.00632 7.67741e-05
5.00034 -0.999933
6.00053 -1.99989
7.00066 -2.65149
8.00086 -2.72405
9.0005 -2.48867
10.0001 -2.14127
11.0002 -1.75383
12.0004 -1.39707
13.0005 -1.11856
14.0006 -0.924906
15.0007 -0.805359
16.0008 -0.755227
17.0008 -0.76398
18.0008 -0.827948
19.0007 -0.966331
20.0007 -1.18151
21.0008 -1.4557
22.0008 -1.74975
23.0007 -2.00052
24.0006 -2.15619
25.0006 -2.2263
26.0005 -2.24273
27.0004 -2.21708
28.0003 -2.14478
29.0003 -2.00061
30.0001 -1.76947
31 -1.48013
31.9999 -1.17676
32.9996 -0.888726
33.9741 -0.63353
34.8687 -0.41974
35.6372 -0.249518
36.2592 -0.120762
36.7335 -0.0288074
37.0714 0.0322693
37.2926 0.0687262
37.4206 0.0865322
37.4806 0.0909932
zonocost1
0 2.5
0.499999 2.50389
1.49999 2.49783
