zono3D
k = 0
         -15 -1.23673e-05  5.65615e-16  1.68514e-08 -1.05102e-16 -2.43549e-08 0.999996 0.480426 0.140403
    -14.5   1.00001  0.240213  0.480426 0.0702017  0.140403 0.000175156    0.306571    0.105766
-13.4999  1.00018 0.873925 0.786997 0.263488  0.24617 -1.80649e-06     0.127996    0.0695001
-12.4997  1.00018  1.72492 0.914992 0.544408  0.31567 -2.24344e-06   -0.0574596    0.0291165
-11.4996  1.00017  2.61118 0.857533 0.874636 0.344786 -2.54787e-06    -0.269255   -0.0186495
-10.4994  1.00017  3.33409 0.588278   1.2101 0.326137 -2.18523e-06    -0.339582   -0.0775248
-9.49922  1.00017  3.75257 0.248696  1.49747 0.248612 -2.33613e-06    -0.271549    -0.151963
  -8.49905    1.00017     3.8655 -0.0228533     1.6701  0.0966495 -2.39825e-06    -0.241023    -0.192277
 -7.49889   1.00016   3.72213 -0.263876   1.67061 -0.095627 -2.89491e-06    -0.247783    -0.149455
 -6.49872   1.00016   3.33436 -0.511658   1.50026 -0.245082 -2.52049e-06    -0.186373    -0.075678
 -5.49856   1.00016   2.72952 -0.698031   1.21734  -0.32076 -1.98593e-06   -0.0527607   -0.0175569
  -4.4984   1.00016   2.00511 -0.750792  0.887799 -0.338317 -2.57105e-06    0.0564489     0.029334
 -3.49825   1.00015   1.28254 -0.694343  0.564148 -0.308983 -2.28914e-06     0.149334    0.0686646
 -2.49809   1.00015  0.662865 -0.545009  0.289497 -0.240319 -5.77387e-05     0.232861     0.103636
 -1.49797    1.0001  0.234287 -0.312147  0.100997 -0.136683 -0.999951  0.312144  0.136681
k = 1
    -14.5   1.00003  0.240213  0.480426 0.0702017  0.140403 0.00012307   0.310794   0.105236
-13.4999  1.00017 0.876037 0.791221 0.263223 0.245639 -2.9171e-06    0.128269   0.0692158
-12.4997  1.00017  1.73139 0.919489  0.54347 0.314855 -2.8432e-06  -0.0638547   0.0291282
-11.4995  1.00017  2.61895 0.855635 0.872889 0.343983 -3.1664e-06    -0.28097  -0.0182606
-10.4994  1.00017   3.3341 0.574665  1.20774 0.325723 -3.66452e-06    -0.345945   -0.0765777
-9.49922  1.00016   3.7358  0.22872  1.49518 0.249145 -2.40686e-06    -0.262976     -0.14962
  -8.49906    1.00016    3.83303 -0.0342562    1.66951  0.0995244 -2.41703e-06    -0.217141    -0.180012
   -7.4989    1.00016     3.6902  -0.251397    1.67903 -0.0804874 -2.6017e-06   -0.208074   -0.133445
 -6.49874   1.00015   3.33477 -0.459471   1.53182 -0.213933 -2.61346e-06    -0.153212   -0.0695725
 -5.49859   1.00015   2.79869 -0.612683    1.2831 -0.283505 -2.23297e-06   -0.0488952   -0.0212226
 -4.49844   1.00015   2.16156 -0.661578  0.988983 -0.304728 -2.06942e-06    0.0302381    0.0150439
 -3.49829   1.00015    1.5151  -0.63134  0.691778 -0.289684 -2.00924e-06     0.090897    0.0425416
 -2.49815   1.00015  0.929208 -0.540443  0.423365 -0.247142 -1.67915e-06      0.13942    0.0642925
   -1.498   1.00014  0.458475 -0.401023  0.208369  -0.18285 -6.049e-05   0.181125  0.0828325
 -0.49789   1.00008  0.148014 -0.219899 0.0669354 -0.100017 -0.999946  0.219896  0.100016
k = 2
-13.4999   1.0001 0.876037  0.79122 0.263223 0.245639 4.66561e-05    0.131423   -0.119969
-12.4998  1.00016  1.73297 0.922644 0.448878  0.12567 -2.93943e-06   -0.0668638   -0.0867857
 -11.4996   1.00016   2.62218   0.85578  0.531155 0.0388846 -1.95959e-06    -0.288599    -0.058575
  -10.4995    1.00016    3.33366   0.567181   0.540752 -0.0196904 -1.18657e-06    -0.350666    -0.035812
  -9.49933    1.00016    3.72551   0.216515   0.503156 -0.0555023 -2.17536e-06    -0.257969   -0.0183585
  -8.49917    1.00015    3.81304  -0.041454   0.438474 -0.0738609 -2.09904e-06    -0.202599  -0.00569386
  -7.49902    1.00015    3.67029  -0.244053   0.361766 -0.0795547 -2.6037e-06   -0.184176  0.00290366
  -6.49887    1.00015    3.33415  -0.428229   0.283664 -0.0766511 -2.18734e-06    -0.131713   0.00822409
 -5.49872   1.00015   2.84006 -0.559941  0.211125 -0.068427 -1.64427e-06   -0.0414551    0.0110352
  -4.49857    1.00015    2.25939  -0.601396   0.148215 -0.0573918 -1.92507e-06    0.0231039    0.0120263
  -3.49843    1.00014    1.66955  -0.578293  0.0968365 -0.0453655 -2.11736e-06    0.0679334    0.0117783
  -2.49829    1.00014    1.12522  -0.510359  0.0573602 -0.0335872 -1.86921e-06    0.0987938    0.0107524
  -1.49815    1.00014   0.664259  -0.411565  0.0291492 -0.0228348 -2.59091e-06     0.120743   0.00929167
 -0.498009    1.00014   0.313065  -0.290822  0.0109603 -0.0135431 -5.91866e-05     0.137848   0.00763117
   0.502099     1.00008   0.0911669   -0.152974  0.00123272 -0.00591197  -0.999971   0.152972 0.00591196
k = 3
-12.4998  1.00015  1.73297 0.922643 0.448878  0.12567 9.54539e-05  -0.0657658  -0.0870639
 -11.4997   1.00015   2.62273  0.856878  0.531016 0.0386065 -2.29691e-06    -0.291593   -0.0586184
  -10.4996    1.00014    3.33381   0.565285   0.540313 -0.0200118 -1.66872e-06    -0.353912   -0.0356793
  -9.49941    1.00014    3.72214   0.211373   0.502462 -0.0556911 -2.22819e-06    -0.256428   -0.0181175
  -8.49927    1.00014     3.8053 -0.0450551   0.437712 -0.0738086 -2.4149e-06   -0.195706 -0.00540973
  -7.49913    1.00014    3.66239  -0.240761   0.361199 -0.0792183 -3.15019e-06    -0.171213   0.00317492
  -6.49899    1.00014    3.33602  -0.411974   0.283568 -0.0760434 -2.49485e-06    -0.118482   0.00843603
  -5.49886    1.00013    2.86481  -0.530456   0.211743 -0.0676073 -1.25695e-06   -0.0344662    0.0111483
  -4.49873    1.00013    2.31712  -0.564922   0.149709 -0.0564591 -1.61326e-06    0.0232441     0.012004
  -3.49859    1.00013    1.76382  -0.541678  0.0992522 -0.0444551 -2.2443e-06   0.0604155   0.0115836
  -2.49847    1.00013    1.25235  -0.481262   0.060589 -0.0328715 -6.15704e-06    0.0824792    0.0103462
  -1.49834    1.00012   0.812327  -0.398783  0.0328906 -0.0225252 1.79737e-06   0.0942553  0.00863317
 -0.49822   1.00012  0.460672 -0.304528  0.014682 -0.013892 -1.83096e-06    0.0997242    0.0066803
   0.501902     1.00012    0.206006   -0.204803   0.0041301 -0.00721173 -5.66999e-05      0.10192   0.00463515
      1.502     1.00007   0.0521631   -0.102883 -0.00076405 -0.00257659  -0.999946   0.102882 0.00257659
k = 4
 -11.4996   1.00032   2.62273  0.856878  0.531016 0.0386064 -0.000120226    -0.292006     0.241797
-10.4994  1.00014   3.3336 0.564872 0.690521 0.280404 -2.45203e-06    -0.357503      0.10963
-9.49925  1.00014  3.71972 0.207369  1.02574 0.390033 -2.5301e-06   -0.255668  -0.0311758
  -8.49911    1.00014    3.79926 -0.0482987    1.40018   0.358857 -2.43269e-06    -0.191154    -0.184266
 -7.49897   1.00013   3.65538 -0.239453   1.66691  0.174591 -2.54068e-06    -0.163556    -0.217982
 -6.49884   1.00013   3.33415 -0.403009   1.73251 -0.043391 -2.39582e-06    -0.111043    -0.133243
 -5.49871   1.00013   2.87562 -0.514052    1.6225 -0.176634 -2.17394e-06   -0.0300175   -0.0690527
 -4.49858   1.00013   2.34656  -0.54407   1.41134 -0.245687 -1.95646e-06    0.0247656   -0.0248954
 -3.49846   1.00013   1.81487 -0.519304    1.1532 -0.270582 -1.95903e-06    0.0586657   0.00579714
 -2.49833   1.00012    1.3249 -0.460638  0.885518 -0.264785 -1.74752e-06    0.0768434    0.0260252
 -1.49821   1.00012  0.902686 -0.383795  0.633745  -0.23876 -1.52731e-06    0.0838842    0.0385163
-0.498087   1.00012  0.560833 -0.299911  0.414243 -0.200244 -1.64758e-06    0.0836177    0.0456934
 0.502032   1.00012  0.302731 -0.216293  0.236846  -0.15455 -1.34854e-06    0.0790466    0.0495806
  1.50215   1.00012  0.125961 -0.137247  0.107086  -0.10497 -4.24333e-05    0.0723452    0.0517392
   2.50225    1.00007  0.0248865 -0.0649014  0.0279862 -0.0532302 -0.999961 0.0649008   0.05323
k = 5
-10.4994  1.00013   3.3336 0.564872 0.690521 0.280403 1.14076e-05   -0.359244    0.107154
-9.49926  1.00013  3.71885 0.205628   1.0245 0.387557 -2.4134e-06   -0.255412  -0.0293095
  -8.49913    1.00013    3.79677 -0.0497845     1.3974   0.358249 -2.31626e-06    -0.189134    -0.177897
   -7.499   1.00013   3.65242 -0.238919    1.6667  0.180352 -2.16371e-06    -0.160065    -0.211427
  -6.49887    1.00013    3.33347  -0.398983    1.74134 -0.0310751 -2.00452e-06    -0.107488    -0.131548
 -5.49874   1.00012   2.88074 -0.506472   1.64449 -0.162624 -1.9578e-06  -0.0275786  -0.0704202
 -4.49862   1.00012   2.36048 -0.534051   1.44666 -0.233044 -1.87062e-06    0.0261108   -0.0267068
  -3.4985   1.00012   1.83949  -0.50794   1.20026 -0.259751 -1.65111e-06    0.0587916   0.00366741
 -2.49838   1.00012   1.36094 -0.449148  0.942344 -0.256083 -1.55216e-06    0.0754673     0.023288
 -1.49826   1.00012  0.949529 -0.373681  0.697905 -0.232795 -1.54862e-06    0.0805905    0.0346862
-0.498144   1.00012  0.616144  -0.29309  0.482453 -0.198109 -1.51926e-06    0.0778863    0.0401711
 0.501971   1.00011  0.361996 -0.215204   0.30443 -0.157938 -1.36013e-06    0.0702928    0.0417155
  1.50208   1.00011  0.181939 -0.144911  0.167349 -0.116222 -1.39674e-06    0.0599809    0.0408982
    2.5022    1.00011  0.0670178 -0.0849304  0.0715761 -0.0753242 -4.76553e-05    0.0484256    0.0388859
   3.50228    1.00006 0.00630018 -0.0365048  0.0156947 -0.0364384 -0.999994 0.0365045 0.0364381
k = 6
-9.49924  1.00016  3.71885 0.205628   1.0245 0.387557 -7.97701e-06    -0.255793   -0.0293111
  -8.49911    1.00012    3.79658 -0.0501653     1.3974   0.358246 -2.3057e-06   -0.188797   -0.177808
 -7.49899   1.00012   3.65202 -0.238962   1.66674  0.180438 -2.15668e-06    -0.159007    -0.210824
  -6.49887    1.00012    3.33356  -0.397969    1.74177 -0.0303856 -2.10771e-06    -0.106188    -0.129991
 -5.49876   1.00012   2.88249 -0.504157   1.64639 -0.160377 -2.07403e-06   -0.0265218   -0.0685796
 -4.49864   1.00011   2.36507 -0.530679   1.45172 -0.228956 -1.85586e-06    0.0268913   -0.0253113
 -3.49853   1.00011   1.84784 -0.503788   1.21011 -0.254267 -1.7042e-06   0.0592304  0.00451119
 -2.49842   1.00011   1.37367 -0.444558    0.9581 -0.249756 -1.55071e-06    0.0754586    0.0234392
 -1.49831   1.00011  0.966839 -0.369099  0.720064 -0.226316 -1.5802e-06   0.0799842   0.0339483
-0.498204   1.00011  0.637732 -0.289115  0.510722 -0.192368 -1.4092e-06    0.076488   0.0382875
 0.501902    1.0001  0.386861 -0.212627  0.337497 -0.154081 -1.31409e-06    0.0678705    0.0383767
  1.50201    1.0001  0.208169 -0.144756  0.202605 -0.115704 -1.42121e-06    0.0562795    0.0357608
   2.50211     1.0001  0.0915528 -0.0884767   0.104782 -0.0799431 -1.39613e-06    0.0431915    0.0316062
   3.50221     1.0001  0.0246718 -0.0452853  0.0406417 -0.0483369 -4.83735e-05    0.0295234    0.0267244
    4.50229     1.00004 -0.00585182  -0.0157619  0.00566697  -0.0216123 -0.999987 0.0157618  0.021612
k = 7
  -8.49909    1.00009    3.79658 -0.0501652     1.3974   0.358247 -3.92739e-05    -0.187591    -0.175973
 -7.49896   1.00011   3.65262 -0.237757   1.66766  0.182274 -2.39835e-06    -0.159122    -0.221687
 -6.49886   1.00011   3.33531 -0.396879   1.73909 -0.039412 -2.25817e-06    -0.106759    -0.130598
 -5.49875    1.0001   2.88505 -0.503637   1.63438 -0.170009 -1.96467e-06    -0.026814   -0.0637301
 -4.49865    1.0001     2.368 -0.530451   1.43251  -0.23374 -1.96697e-06    0.0267702   -0.0208754
 -3.49855    1.0001   1.85094 -0.503681   1.18833 -0.254615 -1.79985e-06    0.0591905   0.00796844
 -2.49845    1.0001   1.37685 -0.444491  0.937702 -0.246647 -1.8535e-06   0.0754467   0.0257985
 -1.49836   1.00009  0.970084 -0.369044  0.703954 -0.220848 -1.80108e-06     0.079967    0.0352119
-0.498263   1.00009  0.641024 -0.289077  0.500712 -0.185636 -1.41613e-06    0.0764405    0.0384809
 0.501829   1.00009  0.390167 -0.212636  0.334316 -0.147155 -1.38934e-06    0.0677706    0.0375049
  1.50192   1.00009  0.211416 -0.144866  0.205913 -0.109651 -2.35352e-06    0.0561062    0.0337899
   2.50201    1.00009  0.0946036 -0.0887596   0.113157 -0.0758606 -3.0475e-06   0.0429241   0.0284624
   3.50209    1.00008  0.0273061 -0.0458355   0.051528 -0.0473982 -1.07494e-06    0.0291423    0.0223068
    4.50218     1.00008 -0.00395829  -0.0166932   0.0152833  -0.0250913 -4.49416e-05    0.0152498    0.0158197
    5.50224     1.00004  -0.0130266 -0.00144337 -0.00189809  -0.0092716  -0.999963 0.00144343 0.00927145
k = 8
 -7.49896   1.00005   3.65262 -0.237757   1.66766  0.182273 -0.000153065    -0.156393    -0.224047
  -6.49896   0.999927    3.33667   -0.39415    1.73791 -0.0417736 -9.21409e-06    -0.108596    -0.127249
 -5.49904  0.999918   2.88822 -0.502746   1.63251 -0.169022 -1.25107e-05   -0.0280242   -0.0536854
 -4.49912  0.999906   2.37146  -0.53077   1.43665 -0.222708 -1.51917e-05    0.0258542  -0.00401196
 -3.49923  0.999892   1.85362 -0.504916   1.21194  -0.22672 -2.22518e-05    0.0584925    0.0312653
 -2.49935   0.99987   1.37795 -0.446424   1.00085 -0.195454 -3.21045e-05    0.0749532    0.0549561
  -1.4995  0.999838  0.969004  -0.37147  0.832873 -0.140498 -5.49488e-05    0.0796931    0.0691675
 -0.499688   0.999783   0.637381  -0.291777   0.726958 -0.0713308 -0.000109893    0.0764258    0.0753623
  0.500037   0.999675   0.383816  -0.215351   0.693308 0.00403153 -0.000263796      0.06808    0.0742778
  1.49958  0.999411  0.202505 -0.147271  0.734479 0.0783094 -0.000678338    0.0568297    0.0658799
   2.49865   0.998731  0.0836484 -0.0904416   0.845728   0.144189 -0.00259606   0.0441732   0.0493757
   3.49608   0.996135  0.0152934 -0.0462684    1.01461   0.193565 -0.0138648  0.0310428  0.0232866
   4.48528   0.982268 -0.0154535 -0.0152256    1.21981   0.216852 -0.0300537  0.0179288 -0.0144288
   5.45253   0.952215 -0.0217147 0.00270329    1.42945   0.202423  0.0476685  0.0050104 -0.0662811
   6.42857   0.999883 -0.0165062  0.0077137    1.59873   0.136142   -0.999818 -0.00771355    -0.13614
k = 9
  -6.49894   0.999982    3.33667   -0.39415    1.73791 -0.0417734 -2.71578e-05    -0.108946    -0.120778
 -5.49895  0.999976   2.88805 -0.503096   1.63575 -0.162551 -8.25087e-06   -0.0286871   -0.0544271
 -4.49897  0.999968   2.37061 -0.531783   1.44599 -0.216979 -9.51765e-06    0.0251553  -0.00554693
 -3.49901  0.999959    1.8514 -0.506628   1.22623 -0.222526 -1.05932e-05    0.0578505    0.0296921
 -2.49906  0.999948    1.3737 -0.448777   1.01855 -0.192833 -1.54494e-05    0.0744127    0.0535745
 -1.49912  0.999933   0.96213 -0.374364  0.852507 -0.139259 -2.61668e-05    0.0792987    0.0680204
 -0.499197   0.999907   0.627415  -0.295066   0.747259 -0.0712386 -3.7294e-05   0.0762436   0.0744096
  0.500692    0.99987   0.370471  -0.218822   0.713225 0.00317088 -5.37694e-05    0.0682069    0.0734479
  1.50053  0.999816  0.185753 -0.150615  0.753119 0.0766187 -0.000129883    0.0573968    0.0651063
   2.50029   0.999687  0.0638359 -0.0932183   0.862291   0.141725 -0.000657912     0.045346    0.0486307
    3.49964    0.999029 -0.00670948  -0.0478723     1.02833    0.190356 -0.0182016  0.0330159  0.0226232
   4.48957   0.980829 -0.0380739 -0.0148565       1.23   0.212979 -0.0322144  0.0209147 -0.0148012
   5.45429   0.948614  -0.042473 0.00605825    1.43558   0.198178  0.0514003 0.00921985 -0.0657963
   6.42861    1.00001 -0.0318048  0.0152781    1.60086   0.132381 7.27914e-06 -0.00210174     -0.1327
     7.42863      1.00003   -0.0175776    0.0131764      1.66689 -0.000318546   -0.999954  -0.0131762 0.000317189
k = 10
   -5.499  0.999914   2.88805 -0.503096   1.63575 -0.162551 5.98661e-05  -0.0293234  -0.0572876
 -4.49904  0.999985   2.37029 -0.532419   1.44456 -0.219839 -6.9501e-06   0.0244905 -0.00836772
 -3.49906  0.999979   1.85012 -0.507929   1.22053 -0.228207 -7.00334e-06    0.0571779    0.0270818
 -2.49908  0.999972   1.37078 -0.450751   1.00587 -0.201125 -9.74537e-06    0.0737557    0.0513318
 -1.49912  0.999963  0.956903 -0.376995  0.830407 -0.149793 -1.78901e-05    0.0786966    0.0663604
 -0.499164   0.999946   0.619256  -0.298298   0.713794 -0.0834329 -2.26365e-05    0.0757607      0.07364
    0.50077    0.999923    0.358838   -0.222538    0.667181 -0.00979283 -2.40757e-05    0.0679389    0.0739917
  1.50068  0.999899   0.17027 -0.154599  0.694384 0.0641989 -7.19685e-05    0.0574764    0.0675127
   2.50055   0.999829  0.0444093 -0.0971225   0.792339   0.131712 -0.000302053    0.0459448    0.0535723
   3.50022   0.999526 -0.0297408 -0.0511776   0.950837   0.185284 -0.0186865  0.0343439  0.0308773
   4.49041    0.98084 -0.0637464 -0.0168337    1.15156   0.216161  -0.0330656   0.0232137 -0.00239149
   5.45471   0.947775 -0.0689732 0.00638004    1.36652    0.21377  0.0522397  0.0127495 -0.0483654
   6.42861    1.00002 -0.0562184  0.0191296    1.55611   0.165404 3.80886e-05  0.00291291   -0.109248
   7.42864    1.00005 -0.0356324  0.0220425    1.66689  0.0561564 -3.0693e-05 -0.00646381  -0.0844387
   8.42868    1.00002 -0.0168218  0.0155787    1.68083 -0.0282828  -0.999962 -0.0155785  0.0282819
k = 11
 -4.49904   1.00006   2.37029 -0.532419   1.44456 -0.219839 -4.87292e-05    0.0238308   -0.0102099
 -3.49902         1   1.84979 -0.508588   1.21961 -0.230049 -3.10184e-06    0.0565017    0.0254483
 -2.49901  0.999998   1.36945 -0.452087   1.00229 -0.204601 -2.94768e-06    0.0730747    0.0499771
 -1.49902  0.999995  0.953899 -0.379012  0.822674 -0.154624 -4.83049e-06    0.0780314      0.06537
 -0.499024   0.999991   0.613903  -0.300981   0.700735 -0.0892537 -5.61009e-06    0.0751502    0.0731387
 0.500964  0.999986  0.350497  -0.22583  0.648051 -0.016115 -8.07117e-06    0.0674485    0.0741581
  1.50095  0.999978  0.158391 -0.158382  0.669015 0.0580432 -1.51003e-05    0.0572038     0.068587
  2.50092  0.999963 0.0286114 -0.101178  0.761352   0.12663 -8.18561e-05    0.0460254    0.0558578
   3.50084   0.999883 -0.0495539 -0.0551526   0.915911   0.182488 -0.0192676   0.034953  0.0347333
   4.49109   0.980614 -0.0872301 -0.0201996    1.11577   0.217221  -0.033397  0.0245656 0.00343548
     5.455   0.947217 -0.0951469 0.00436592     1.3347   0.220657  0.0528028  0.0150908 -0.0401425
   6.42862    1.00002 -0.0832356  0.0194568    1.53529   0.180514 2.9646e-05  0.0065086  -0.098143
   7.42865    1.00005 -0.0605245  0.0259654    1.66673  0.0823714 -7.79588e-07   -0.0013545   -0.0919496
    8.4287    1.00005 -0.0352364  0.0246109    1.70313 -0.0095783 -2.88522e-05  -0.00873872   -0.0221016
   9.42874    1.00002 -0.0149949  0.0158721     1.6825 -0.0316801  -0.999988 -0.0158719  0.0316799
k = 12
 -3.49908  0.999933   1.84979 -0.508588   1.21961 -0.230049 8.1997e-07  0.0559567  0.0135747
 -2.49914  0.999937   1.36918 -0.452632  0.996349 -0.216474 -1.44433e-05    0.0724846    0.0413167
 -1.49921  0.999924  0.952787 -0.380147  0.800533 -0.175158 -1.72381e-05    0.0774062    0.0599933
  -0.4993  0.999907  0.611343 -0.302741  0.655372 -0.115164 -2.65159e-05    0.0745154    0.0713432
  0.500594    0.99988    0.34586  -0.228225    0.57588 -0.0438211 -4.84007e-05    0.0668485    0.0765061
  1.50045  0.999833  0.151059 -0.161377  0.570311  0.032685 -0.000128583    0.0567072    0.0759136
  2.50022  0.999705 0.0180354  -0.10467  0.640953  0.108599 -0.000897384    0.0457302    0.0692382
   3.49948   0.998809 -0.0637691 -0.0589394   0.784171   0.177837 -0.0173832  0.0349907  0.0553996
   4.48959   0.981427  -0.105213 -0.0239487   0.989707   0.233236 -0.033137 0.0251038 0.0326291
   5.45445   0.948292   -0.11661 0.00115513    1.23926   0.265865   0.0516853   0.0163321 -0.00140552
  6.42859  0.999977 -0.107289 0.0174872   1.50442   0.26446 4.32628e-05  0.00868452  -0.0494726
   7.42859    1.00002 -0.0854592  0.0261718    1.74414   0.214987 -7.81597e-07   0.00200366    -0.113328
   8.42861    1.00002 -0.0582856  0.0281754    1.90247   0.101659 -4.12038e-07  -0.00395702    -0.194552
   9.42863    1.00002 -0.0320887  0.0242184    1.90685 -0.0928924 -5.20564e-05  -0.00946581    -0.294489
   10.4286   0.999967 -0.0126032  0.0147526    1.66671  -0.387381  -0.999924 -0.0147524    0.38737
k = 13
 -2.49914  0.999995   1.36918 -0.452632  0.996349 -0.216474 2.81867e-06   0.0719111   0.0446612
 -1.49915  0.999992    0.9525  -0.38072  0.802206 -0.171813 -4.63133e-06    0.0768438    0.0638063
-0.499164  0.999988  0.610201 -0.303877  0.662296 -0.108007 -7.5174e-06   0.0739646   0.0756197
  0.500821   0.999981   0.343307  -0.229912   0.592099 -0.0323871 -9.59341e-06    0.0663197    0.0811547
   1.5008  0.999972  0.146555 -0.163592  0.600289 0.0487675 -1.97585e-05    0.0562274    0.0807219
  2.50076  0.999952 0.0110764 -0.107365  0.689417  0.129489 -0.000109523    0.0453488    0.0738335
  3.50065  0.999842 -0.073614 -0.062016  0.855824  0.203323 -0.0191439  0.0347845   0.059208
   4.49093   0.980698  -0.118238 -0.0272315    1.08875   0.262531 -0.0333778  0.0251809    0.03484
    5.45493    0.947321   -0.132879 -0.00205062      1.3687    0.297371  0.0526846   0.016834 -0.0018633
   6.4286         1 -0.126512 0.0147834   1.66514  0.295508 2.25294e-05  0.00978507  -0.0629037
  7.42861   1.00003 -0.106836 0.0245685    1.9292  0.232604 -7.46495e-07   0.00390347    -0.151026
   8.42864    1.00003 -0.0803162   0.028472    2.08629   0.081578 -6.78482e-07  -0.00104198    -0.259192
   9.42867    1.00003 -0.0523652    0.02743    2.03827  -0.177614 -6.01566e-07  -0.00532387    -0.387955
   10.4287    1.00003 -0.0275972  0.0221061    1.66668  -0.565569 -2.46843e-05  -0.00920602   -0.0859968
   11.4287   0.999999 -0.0100941  0.0129001    1.05811  -0.651566  -0.999974 -0.0128999   0.651555
k = 14
 -1.49921   0.99991    0.9525  -0.38072  0.802206 -0.171813 -7.2645e-06   0.0764394   0.0616547
-0.499269  0.999932  0.609999 -0.304281   0.66122 -0.110159 -2.02303e-05    0.0735293    0.0729144
  0.500653   0.999912   0.342483  -0.230752   0.587518 -0.0372441 -3.50799e-05    0.0658638    0.0779065
  1.50055  0.999877  0.144663 -0.164888  0.589228 0.0406624 -7.62914e-05    0.0557696    0.0769952
   2.50039   0.999802 0.00765986  -0.109118   0.668388   0.117658 -0.000551014    0.0449203    0.0697737
   3.49991   0.999251 -0.0789983  -0.064198   0.820932   0.187431 -0.0181877  0.0344335  0.0550734
   4.49007   0.981062   -0.12598 -0.0297645     1.0359   0.242505 -0.0330983  0.0249766   0.031034
    5.45458    0.947964   -0.143256 -0.00478787     1.29392    0.273539   0.0519938   0.0168701 -0.00476819
  6.42855  0.999958 -0.139609 0.0120823   1.56508   0.26877 3.75802e-05   0.0101812  -0.0553719
  7.42852  0.999996 -0.122436 0.0222635   1.80616  0.213398 -1.63252e-06   0.00480496    -0.123115
   8.42852   0.999994 -0.0977696  0.0270685      1.958  0.0902833 -1.33354e-06  0.000531293     -0.20946
   9.42851   0.999993 -0.0704355  0.0275998    1.94355  -0.119176 -9.00145e-07   -0.0029005     -0.31516
  10.4285  0.999992 -0.044286 0.0246993    1.6668 -0.434337 -2.06249e-06  -0.00575847     -0.19743
  11.4285   0.99999 -0.022466 0.0189408   1.13375 -0.631766 -9.07709e-05  -0.00828301     0.147635
    12.4284    0.999899 -0.00766667   0.0106578    0.575798   -0.484132  -0.999873 -0.0106577   0.484125
k = 15
-0.499269  0.999875  0.609999 -0.304281   0.66122 -0.110158 4.73545e-05   0.0731639   0.0652107
  0.500691   0.999983     0.3423  -0.231117   0.583667 -0.0449478 -9.41025e-06    0.0655033    0.0713921
  1.50067  0.999975  0.143935 -0.165614  0.574415 0.0264443 -1.92169e-05    0.0554134     0.071778
   2.50063   0.999955 0.00602745    -0.1102   0.636748  0.0982223 -0.000110336    0.0445753    0.0661036
   3.50053   0.999846 -0.0818854 -0.0656252   0.768022   0.164326 -0.0191287  0.0341178     0.0534
   4.49081   0.980717  -0.130452 -0.0315073   0.959048   0.217726 -0.0333203  0.0247233  0.0320534
    5.45487    0.947397   -0.149597 -0.00678398      1.1928    0.249779    0.0525853    0.0167301 -6.47538e-05
   6.42856   0.999983  -0.148016 0.00994611    1.44255   0.249715 2.0609e-05  0.0102257 -0.0453817
  7.42855         1 -0.132957 0.0201718   1.66957  0.204333 -1.34363e-06   0.00512678    -0.099196
  8.42855         1 -0.110222 0.0252986   1.82431  0.105137 -1.2685e-06  0.00124415   -0.163337
   9.42855          1 -0.0843014  0.0265428    1.84777 -0.0582002 -5.38589e-07  -0.00166561    -0.245733
   10.4286   0.999999 -0.0585914  0.0248771    1.66671  -0.303933 -2.06435e-06   -0.0038608    -0.195021
   11.4286   0.999998 -0.0356447  0.0210163    1.26526  -0.498954 -8.31086e-07  -0.00558481  -0.00835379
   12.4285   0.999997 -0.0174207  0.0154315   0.762134  -0.507307 -0.000788632  -0.00704358     0.168151
   13.4282   0.999208  -0.005511 0.00838795   0.338902  -0.339156   -0.999193 -0.00838786    0.339152
k = 16
  0.500687          1     0.3423  -0.231117   0.583667 -0.0449479 -7.61237e-05      0.06526    0.0763764
  1.50063  0.999907  0.143813 -0.165857  0.576907 0.0314285 -5.92251e-05    0.0551549    0.0741639
   2.50051   0.999849 0.00553326  -0.110702   0.645417   0.105592 -0.000351877    0.0443071    0.0658268
   3.50018   0.999497 -0.0830155 -0.0663952   0.783923   0.171419 -0.0186327  0.0338503  0.0503268
   4.49036   0.980865  -0.132485 -0.0325448   0.980506   0.221746 -0.0330669  0.0244742  0.0259804
     5.4547    0.947798   -0.152793 -0.00807062     1.21524    0.247727   0.0520037   0.0165271 -0.00938712
    6.4285   0.999803    -0.1526 0.00845645    1.45828   0.238339 0.000150524   0.0101089  -0.0582153
  7.42837  0.999953 -0.139089 0.0185654   1.66751  0.180124 -8.4716e-06  0.00515074  -0.0991181
  8.42832  0.999944 -0.117949 0.0237161   1.79807 0.0810062 -8.30383e-06   0.00147882     -0.13357
   9.42826   0.999936 -0.0934931  0.0251949    1.81229 -0.0525642 -8.51164e-06  -0.00113521    -0.185793
   10.4282   0.999928 -0.0688658  0.0240597    1.66683  -0.238358 -5.67212e-06  -0.00293708    -0.157064
   11.4281   0.999922 -0.0462746  0.0211226    1.34994  -0.395422 -3.40967e-06  -0.00416314   -0.0452584
    12.428   0.999919 -0.0272336  0.0169595   0.931892   -0.44068 -0.000547425  -0.00502174     0.055057
   13.4277   0.999372 -0.0127849  0.0119378    0.51874  -0.385623   -0.307588 -0.00568048    0.148101
    14.2733    0.691784 -0.00368743  0.00625728    0.207167   -0.237522   -0.691775 -0.00625721    0.237519
k = 17
  1.50063  0.999835  0.143813 -0.165857  0.576907 0.0314285 -8.76967e-05    0.0549769    0.0777815
   2.50049   0.999814 0.00544426   -0.11088   0.647226    0.10921 -0.000369892    0.0441234    0.0671233
   3.50012   0.999445 -0.0833743 -0.0667568   0.789998   0.176333 -0.0182909   0.033663  0.0492614
   4.49041   0.981153    -0.1333 -0.0330938   0.990962   0.225595 -0.0332486  0.0242889  0.0224647
    5.45494    0.947905   -0.154249 -0.00880488     1.22779    0.248059 0.0512334 0.0163552  -0.01548
  6.42846  0.999137 -0.154876 0.0075503   1.46811  0.232579 0.000759666  0.00996918  -0.0670222
  7.42798  0.999897 -0.142341 0.0175195   1.66718  0.165557 -2.8195e-05  0.00507095  -0.0998956
  8.42786  0.999869 -0.122286 0.0225904   1.78279 0.0656615 -3.28743e-05   0.00149712    -0.115372
   9.42772   0.999836 -0.0989474  0.0240876    1.79076 -0.0497102 -4.73341e-05 -0.000969692    -0.148308
   10.4275   0.999789 -0.0753447  0.0231179     1.6669  -0.198018 -4.12344e-05  -0.00256452    -0.127099
   11.4273   0.999748 -0.0535091  0.0205533    1.40533  -0.325118 -0.00285913 -0.00351483  -0.0500768
   12.4256   0.996889 -0.0347132  0.0170385    1.05517  -0.375194  -0.0973952 -0.00402401   0.0145455
   13.3738   0.899494 -0.0196867  0.0130145   0.687252  -0.360649   -0.205486 -0.00426132   0.0704196
    14.1706    0.694008 -0.00880284  0.00875318    0.361813   -0.290229   -0.301638 -0.00435643    0.121038
    14.7137    0.392371 -0.00222788  0.00439675    0.132103   -0.169192  -0.392367 -0.0043967    0.16919
k = 18
   2.50049   0.999874 0.00544426   -0.11088   0.647226    0.10921 -0.00030961   0.0440048   0.0695889
   3.50018    0.99954 -0.0834336 -0.0668755   0.791231   0.178799 -0.0182271  0.0335422  0.0496717
   4.49061   0.981314  -0.133538 -0.0333333   0.994865   0.228471 -0.0334396  0.0241671  0.0208009
    5.45521    0.947874   -0.154788 -0.00916613     1.23374    0.249271  0.0508728  0.0162357 -0.0192526
   6.42852   0.998746  -0.155836 0.00706957    1.47338   0.230019 0.00117066 0.00985899  -0.072931
  7.42785  0.999916 -0.143837 0.0169286   1.66693  0.157088 -2.97055e-05   0.00498183    -0.100882
  8.42775  0.999887 -0.124417 0.0219104   1.77358 0.0562064 -4.44808e-05    0.0014468    -0.104348
   9.42761   0.999842  -0.101784  0.0233572    1.77761 -0.0481417 -8.29424e-05 -0.000956647      -0.1252
   10.4274   0.999759 -0.0789048  0.0224006    1.66687  -0.173342 -0.00264308 -0.00245631   -0.106289
   11.4259   0.997116 -0.0577324  0.0199442    1.44039  -0.279631  -0.0643333 -0.00327261  -0.0461671
   12.3908   0.932783 -0.0394244  0.0166716    1.13767  -0.325798   -0.126365 -0.00360309 0.000982394
   13.2604   0.806418 -0.0245543  0.0130685   0.812365  -0.324816   -0.167173 -0.00361373   0.0383496
   13.9832   0.639245 -0.0132927  0.0094548   0.506724  -0.286466    -0.19429 -0.00343524   0.0691077
    14.5253    0.444955 -0.00555549  0.00601956    0.254812   -0.217358   -0.214024 -0.00316266   0.0960545
    14.8633    0.230931 -0.00111725   0.0028569   0.0854805   -0.121304   -0.230929 -0.00285688    0.121302
k = 19
   3.50015   0.999517 -0.0834336 -0.0668755   0.791231   0.178799 -0.018267 0.0334837 0.0511575
   4.49054   0.981252  -0.133567 -0.0333918   0.995608   0.229956 -0.0327219  0.0241008  0.0206899
    5.45543     0.94853   -0.154909 -0.00929099     1.23591    0.250646  0.0491802  0.0161644 -0.0210259
   6.42855   0.997711  -0.156117 0.00687338    1.47604    0.22962  0.0021508 0.00978651 -0.0764649
  7.42733  0.999861 -0.144351 0.0166599   1.66743  0.153156 1.70336e-05  0.00491374   -0.102159
   8.4272  0.999878 -0.125234 0.0215736   1.76951 0.0509965 8.38002e-06  0.00139101  -0.0987693
   9.42709   0.999886  -0.102965  0.0229646    1.77112 -0.0477729 -8.26028e-05 -0.000989245    -0.111681
   10.4269   0.999804 -0.0804949  0.0219754    1.66751  -0.159453  -0.0249474 -0.00245123   -0.092521
   11.4143   0.974856 -0.0597452  0.0195242    1.46179  -0.251974  -0.0920604 -0.00321148  -0.0405589
   12.3431   0.882796 -0.0418267  0.0163127    1.18954  -0.292533   -0.133613 -0.00346367 -0.00203662
   13.1591   0.749184 -0.0272459   0.012849   0.895986   -0.29457   -0.153404 -0.00337054   0.0259544
   13.8316    0.59578 -0.0160822 0.00947846   0.614394  -0.268615   -0.158347 -0.00306096    0.046338
    14.3482    0.437432 -0.00813419  0.00641751    0.368947   -0.222277   -0.154337 -0.00263057   0.0617781
    14.7084    0.283095 -0.00303197  0.00378694    0.177559   -0.160499   -0.145913 -0.00214465   0.0744772
     14.9186     0.137182 -0.000317354   0.00164228    0.0542985    -0.086022   -0.137181 -0.00164227   0.0860212
k = 20
   4.49052    0.98124  -0.133567 -0.0333918   0.995608   0.229956 -0.0328445  0.0240653  0.0215355
    5.45534    0.948395   -0.154926 -0.00932646     1.23633    0.251492  0.0496384  0.0161321 -0.0219495
   6.42856   0.998035  -0.156187 0.00680559    1.47685   0.229542 0.00188088 0.00975616 -0.0790617
  7.42753  0.999915 -0.144503 0.0165617   1.66686  0.150481 -4.62497e-05   0.00488504    -0.102978
  8.42742  0.999869 -0.125499 0.0214468   1.76585 0.0475029 -4.70024e-05   0.00136488   -0.0947306
   9.42727   0.999822   -0.10337  0.0228117    1.76599 -0.0472276 -0.000516383  -0.00101031    -0.103385
   10.4268   0.999305 -0.0810631  0.0218014    1.66707  -0.150612  -0.0382697 -0.00246293  -0.0842335
    11.407   0.961036 -0.0604933  0.0193384    1.47434  -0.234846   -0.102427 -0.00320757  -0.0362681
   12.3168   0.858609 -0.0427586  0.0161309    1.22136  -0.271114   -0.137785 -0.00343586 -0.00188843
   13.1065   0.720824 -0.0283457   0.012695   0.949303  -0.273002    -0.15053 -0.00330865   0.0215815
   13.7521   0.570294  -0.017305 0.00938634   0.687091  -0.251421   -0.147654 -0.00295326   0.0368373
   14.2486   0.422641 -0.0093953 0.00643309   0.454089  -0.214584   -0.134853 -0.00246447   0.0463689
    14.6038    0.287788 -0.00419445  0.00396862     0.26269   -0.168215   -0.116441 -0.00190784   0.0523074
    14.8333    0.171347 -0.00117975  0.00206078    0.120629   -0.115907  -0.0955853 -0.00132444   0.0563266
    14.9569   0.0757618 0.000218813 0.000736338   0.0328851  -0.0595806   -0.0757614 -0.000736333    0.0595799
k = 21
    5.45534    0.948396   -0.154926 -0.00932646     1.23633    0.251492  0.0495285  0.0161319 -0.0213158
    6.4285   0.997925  -0.156187 0.00680541    1.47717   0.230176 0.00183905 0.00975237  -0.080112
  7.42735  0.999765 -0.144505 0.0165578   1.66729  0.150064 -0.000108214   0.00487949     -0.10397
  8.42706  0.999656 -0.125508 0.0214373   1.76537  0.046094 -0.000110331   0.00135885   -0.0935181
   9.42666   0.999546  -0.103391  0.0227961     1.7647 -0.0474242 -0.00166626 -0.00101588  -0.0994141
   10.4254    0.99788 -0.0811029  0.0217802    1.66757  -0.146838  -0.0447083 -0.00246731  -0.0794496
   11.4009   0.953171 -0.0605563  0.0193129    1.48101  -0.226288    -0.10632 -0.00321004  -0.0330348
   12.3009   0.846851 -0.0428484  0.0161029     1.2382  -0.259323    -0.139524  -0.00343563 -0.000463231
    13.078   0.707328 -0.0284633  0.0126673   0.978646  -0.259786   -0.150039 -0.00330473   0.0209034
   13.7103   0.557289 -0.0174484 0.00936253   0.729312  -0.238883   -0.144654 -0.00294446   0.0336612
    14.1953    0.412635 -0.00955814  0.00641806     0.50726   -0.205221  -0.128933 -0.0024494  0.0401953
    14.5434    0.283702 -0.00436477  0.00396867    0.322136   -0.165026    -0.10712 -0.00188496   0.0425593
    14.7736    0.176582 -0.00133859   0.0020837    0.178389   -0.122467  -0.0823591 -0.00129223   0.0424092
     14.909   0.0942232 9.90031e-05 0.000791475   0.0771272  -0.0800576   -0.0573441 -0.000693461    0.0409788
    14.9745   0.0368791 0.000543748 9.80138e-05    0.017559  -0.0390788   -0.0368789 -9.80159e-05    0.0390784
k = 22
    6.4285   0.997921  -0.156187 0.00680541    1.47717   0.230177 0.00199749 0.00976277 -0.0803315
  7.42742  0.999921   -0.1445 0.0165682   1.66718  0.149845 -2.73375e-05   0.00489277    -0.105074
  8.42733  0.999894 -0.125486  0.021461   1.76448 0.0447708 -2.56237e-05   0.00137348   -0.0924102
   9.42721   0.999868  -0.103338  0.0228344    1.76305 -0.0476393 -0.000513097   -0.0010012   -0.0968607
  10.4268  0.999355 -0.081004 0.0218332   1.66698   -0.1445  -0.0450705 -0.00245389  -0.0768597
   11.4036   0.954285 -0.0603977  0.0193793    1.48405   -0.22136   -0.107873 -0.00319942  -0.0313433
    12.304   0.846412 -0.0426181  0.0161799    1.24702  -0.252703   -0.140902 -0.00342984 0.000430474
     13.08    0.70551 -0.0281531  0.0127501   0.994531  -0.252273   -0.151045 -0.00330644    0.020952
   13.7099   0.554465 -0.0170562 0.00944363   0.752734  -0.231321   -0.145204 -0.00295706   0.0327106
    14.1918    0.409262 -0.00909113  0.00648657    0.537769    -0.19861   -0.128929 -0.00247703   0.0380003
    14.5366    0.280333 -0.00384307  0.00400954    0.358159    -0.16061   -0.106392 -0.00193242   0.0387999
    14.7637     0.17394 -0.00079974  0.00207712    0.216949    -0.12181   -0.080593 -0.00136466   0.0367178
    14.8974   0.0933474 0.000595052 0.000712462    0.113498  -0.0850921   -0.0538106 -0.000795943    0.0329803
     14.9638     0.039537  0.000909543 -8.34808e-05    0.0448959   -0.0521117   -0.0287369 -0.000234787    0.0284501
      14.989    0.0108008  0.000708668 -0.000318267   0.00700923   -0.0236616  -0.0108015 0.000318261   0.0236614
k = 23
  7.42742  0.999911   -0.1445 0.0165682   1.66718  0.149845 -7.6208e-06  0.00491561   -0.105354
  8.42729  0.999862 -0.125474 0.0214838   1.76434 0.0444903 -3.50948e-05   0.00139679   -0.0920843
  9.42713  0.999827 -0.103292 0.0228806   1.76279 -0.047594 -0.000417722 -0.000977541   -0.0960669
   10.4268   0.999409 -0.0809001   0.021903    1.66717  -0.143661  -0.0446436 -0.00243053  -0.0759236
   11.4038   0.954765 -0.0602123  0.0194725    1.48554  -0.219584   -0.107815 -0.00317777  -0.0305571
   12.3047    0.84695 -0.0423287  0.0162947    1.25068  -0.250141   -0.140904 -0.00341225  0.00101935
   13.0812   0.706047 -0.0277401  0.0128825    1.00105  -0.249122   -0.151109 -0.00329643   0.0212863
   13.7117   0.554938 -0.0165058 0.00958606   0.762569  -0.227836   -0.145349 -0.00295947   0.0327061
     14.194    0.409588 -0.00839946  0.00662659    0.551086    -0.19513   -0.129178 -0.00249811   0.0375399
     14.539     0.28041 -0.00302193  0.00412848    0.374727    -0.15759   -0.106772 -0.00197975   0.0377337
     14.766    0.173638 0.000116679  0.00214873    0.236004   -0.119856  -0.0811233 -0.00144698   0.0348672
    14.8991   0.0925147  0.00154192 0.000701757    0.133581  -0.0849889     -0.05449 -0.000922582    0.0301493
     14.9643    0.0380247   0.00178239 -0.000220825    0.0636671   -0.0548396   -0.0293242 -0.000414871    0.0244436
     14.9877    0.0087004   0.00135413 -0.000635696    0.0210493    -0.030396 -0.00942649  7.7125e-05   0.0183143
     14.9917 -0.000726071  0.000756995 -0.000558571 -0.000189588   -0.0120817 0.000724938 0.000558563   0.0120816
k = 24
  8.42734  0.999915 -0.125474 0.0214838   1.76434 0.0444903 -5.27692e-05   0.00142385   -0.0923428
    9.4273   0.999929  -0.103278  0.0229076    1.76266 -0.0478524 -0.000138929  -0.00094937    -0.095758
   10.4272   0.999791 -0.0808454  0.0219583    1.66693   -0.14361  -0.0434874 -0.00240182  -0.0755007
   11.4052   0.956303 -0.0600881  0.0195564    1.48557  -0.219111   -0.107473 -0.00314953  -0.0302825
   12.3078    0.84883 -0.0421064  0.0164069    1.25132  -0.249394   -0.140773 -0.00338624  0.00120594
   13.0862   0.708057 -0.0273926  0.0130207    1.00253  -0.248188   -0.151141 -0.00327548   0.0214036
   13.7187   0.556916 -0.0160097 0.00974519   0.765042  -0.226784   -0.145569 -0.00294774   0.0327509
    14.2028    0.411347 -0.00773835  0.00679746    0.554634   -0.194033  -0.129634 -0.0025013  0.0374925
    14.5494    0.281713 -0.00219155  0.00429616    0.379347   -0.156541   -0.107514 -0.00200527   0.0375595
   14.7773   0.174198 0.00110197 0.00229089   0.241586  -0.118981  -0.0821756 -0.00150383   0.0345192
    14.9104   0.0920229  0.00264095 0.000787055    0.139865  -0.0844619  -0.0557901 -0.00102115   0.0295701
     14.9746    0.0362326   0.00291742 -0.000234096    0.0701878   -0.0548918   -0.0307094 -0.000566291      0.02357
     14.9954   0.00552316   0.00240018 -0.000800387    0.0270809   -0.0313218   -0.0105435 -0.000138037    0.0170833
     14.9957  -0.00502038   0.00153078 -0.000938424   0.00430072   -0.0142386  0.00127403 0.000270555   0.0104398
     14.9913   -0.0037464  0.000727631 -0.000667869  -0.00471792  -0.00379873 0.00374603 0.00066786 0.00379874
k = 25
   9.42723   0.999889  -0.103278  0.0229076    1.76266 -0.0478521 -0.000136604 -0.000921614   -0.0953493
    10.427   0.999724 -0.0808316   0.021986    1.66714  -0.143202  -0.0432578 -0.00237317  -0.0757761
   11.4051   0.956465 -0.0600321  0.0196129    1.48605  -0.218978   -0.107297 -0.00312034  -0.0305179
   12.3079   0.849169 -0.0419794  0.0164925    1.25181  -0.249496   -0.140641 -0.00335744  0.00101691
   13.0868   0.708528 -0.0271656  0.0131351    1.00282  -0.248479   -0.151055 -0.00324882   0.0212594
   13.7198   0.557473  -0.015655 0.00988626   0.764972   -0.22722   -0.145535 -0.00292613   0.0326515
    14.2045    0.411937 -0.00723178  0.00696013    0.554078   -0.194568   -0.129666 -0.00248905   0.0374414
    14.5516    0.282271 -0.00151617  0.00447108     0.37823   -0.157127    -0.10763 -0.00200828   0.0375657
     14.78   0.174641 0.00195077  0.0024628   0.239886  -0.119561  -0.0824071 -0.00152973    0.034597
    14.9135   0.0922341  0.00364871 0.000933071    0.137624  -0.0849641  -0.0562045 -0.00107922   0.0297396
     14.9776      0.03603   0.00404217 -0.000146146    0.0675296   -0.0552245   -0.0314601 -0.000667191    0.0238558
     14.9979   0.00456988   0.00356243 -0.000813337     0.024233   -0.0313687    -0.011609 -0.000293209    0.0175131
    14.9967 -0.00703918  0.00260248 -0.00110655   0.0016209  -0.0138555 0.00065643 4.9936e-05  0.0110413
      14.99 -0.00638262  0.00152091 -0.00105661 -0.00671398 -0.00281422  0.00489299 0.000372462  0.00459523
      14.986  -0.00148937  0.000650528 -0.000684148  -0.00723058     0.001781  0.00149089 0.000684139 -0.00178096
k = 26
    10.427   0.999736 -0.0808316   0.021986    1.66714  -0.143202  -0.0433967 -0.00234731  -0.0760287
   11.4051   0.956339 -0.0600192  0.0196387    1.48592  -0.219231   -0.107268 -0.00309362  -0.0307387
   12.3078   0.849072 -0.0419273  0.0165451    1.25132  -0.249969   -0.140581 -0.00333017 0.000805741
   13.0865    0.70849 -0.0270473  0.0132149    1.00175  -0.249163   -0.150994 -0.00322186   0.0210551
   13.7195   0.557497 -0.0154433 0.00999306   0.763118  -0.228108   -0.145482 -0.00290114   0.0324629
    14.2043    0.412015 -0.00690081  0.00709192    0.551241   -0.195645   -0.129627 -0.00246876   0.0372883
    14.5515    0.282388 -0.00104326  0.00462317    0.374239   -0.158357   -0.107618 -0.00199673   0.0374802
   14.7801    0.17477 0.00258154 0.00262644   0.234622  -0.120877  -0.0824428 -0.00153246   0.0346244
   14.9136  0.0923268 0.00444175 0.00109398   0.131058 -0.0862525  -0.0562828 -0.00110336   0.0299385
     14.9778    0.0360444   0.00498405 -9.37749e-06    0.0597744    -0.056314   -0.0315363 -0.000721445    0.0242979
     14.9981   0.00450802   0.00461395 -0.000730822    0.0156093   -0.0320161   -0.0119615 -0.000387557    0.0182805
    14.9966 -0.00745353  0.00368935 -0.00111838  -0.0072665  -0.0137355  -4.6162e-05 -9.52089e-05    0.0122219
    14.9891 -0.00749961  0.00252337 -0.00121359  -0.0148911 -0.00151359  0.00496637 0.000166064  0.00627467
    14.9841 -0.00253323  0.00139281 -0.00104752  -0.0132673  0.00476108  0.00434222 0.000407759 0.000468601
     14.9838   0.00180926  0.000549171 -0.000639765  -0.00827195   0.00522968 -0.00180783 0.000639757 -0.00522959
k = 27
    11.405   0.956327 -0.0600192  0.0196387    1.48592  -0.219231   -0.107055 -0.00307085  -0.0310064
   12.3078   0.849272 -0.0419159  0.0165679    1.25119  -0.250237   -0.140456 -0.00330669  0.00051368
   13.0869   0.708816 -0.0270014  0.0132612    1.00121  -0.249723   -0.150926 -0.00319795   0.0207515
   13.7202    0.55789 -0.0153392  0.0100632   0.761858  -0.228972   -0.145473 -0.00287754   0.0321613
    14.2054    0.412417 -0.00671471  0.00718569    0.548967   -0.196811   -0.129681 -0.00244693   0.0370092
      14.553     0.282736 -0.000752476   0.00473877     0.370661    -0.159801   -0.107742 -0.00197903   0.0372542
   14.7818   0.174994 0.00299677 0.00275973   0.229487  -0.122547  -0.0826369 -0.00152242   0.0344959
   14.9155  0.0923574 0.00499529 0.00123731   0.124188 -0.0880513  -0.0565271 -0.00110583   0.0299681
    14.9796   0.0358302  0.00567969 0.000131482   0.0511205  -0.0580832   -0.0318344 -0.000742649    0.0245633
     14.9995   0.00399593   0.00543985 -0.000611167   0.00531902   -0.0335198   -0.0125619 -0.000435104    0.0188766
    14.9972 -0.00856594  0.00461113 -0.00104627  -0.0187625  -0.0146433 -0.000902512 -0.000177839    0.0132574
    14.9882 -0.00946825  0.00347594 -0.00122411  -0.0267771 -0.00138585  0.00468508 3.89769e-05  0.00786643
    14.9811 -0.00478344  0.00227131 -0.00118513  -0.0242297  0.00648058  0.00589588 0.000227051  0.00273091
     14.9793   0.00111258   0.00119971 -0.000958083   -0.0163837   0.00921149  0.00312521 0.000397772 -0.00220128
    14.9819  0.00423697  0.00044051 -0.00056031 -0.00827282  0.00701021 -0.00423752 0.000560304 -0.00701011
k = 28
   12.3078   0.849272 -0.0419159  0.0165679    1.25119  -0.250237   -0.140417 -0.00328785 0.000208265
  13.0869  0.708854 -0.026992   0.01328   1.00105 -0.250029   -0.150901 -0.00317851   0.0204337
   13.7203   0.557953 -0.0153012  0.0101015   0.761241  -0.229595   -0.145454 -0.00285773   0.0318372
    14.2055    0.412499 -0.00662857  0.00724378    0.547565   -0.197758   -0.129668 -0.00242735   0.0366894
     14.5532     0.282831 -0.000598467   0.00481643     0.368152    -0.161068   -0.107735 -0.00196089   0.0369583
   14.7822   0.175095 0.00323752 0.00285554   0.225563   -0.12411 -0.0826449 -0.0015077   0.034256
   14.9159  0.0924503  0.0053392 0.00134783   0.118581  -0.089854  -0.0565853 -0.00109745   0.0298316
    14.9801    0.035865  0.00613831 0.000250383   0.0436428  -0.0600223   -0.0320974 -0.000744644    0.0245959
     14.9999   0.00376756   0.00601637 -0.000494261  -0.00408159   -0.0354264   -0.0132418 -0.000452651    0.0191629
     14.9971   -0.0094742   0.00529578 -0.000946911   -0.0299266   -0.0162636 -0.00184075 -0.00021725   0.0139006
    14.9867   -0.011315  0.00424025 -0.00116416  -0.0392399 -0.00236299   0.00405411 -2.95513e-05   0.00898497
    14.9774 -0.00726069  0.00306131 -0.00119371  -0.0371104  0.00662198  0.00630117 0.000121629   0.0044519
     14.9733 -0.000959524   0.00192841  -0.00107208   -0.0282624    0.0110739  0.00556982 0.000247858 0.000246279
     14.9751   0.00460981  0.000980256 -0.000824226   -0.0170654    0.0113202  0.00168691 0.000359549  -0.0037324
     14.9805   0.00629662  0.000335805 -0.000464677  -0.00761145   0.00758776 -0.00629649 0.000464672 -0.00758767
k = 29
  13.0869  0.708855 -0.026992   0.01328   1.00105 -0.250029   -0.150852 -0.00316366   0.0201375
   13.7203   0.558003 -0.0152938  0.0101164   0.761093  -0.229891  -0.145435 -0.0028424  0.0315301
    14.2056    0.412568 -0.00659863  0.00727395    0.546967   -0.198361   -0.129674 -0.00241172   0.0363759
     14.5534     0.282894 -0.000530534   0.00486224     0.366794    -0.161985   -0.107761 -0.00194545   0.0366484
   14.7824   0.175132 0.00335898 0.00291679   0.223133  -0.125337  -0.0826856 -0.00149339   0.0339689
   14.9162  0.0924467 0.00552907  0.0014234   0.114781 -0.0913679  -0.0566416 -0.00108584   0.0295986
    14.9803   0.0358054  0.00640955 0.000337552    0.038212  -0.0617693   -0.0322524 -0.000738041    0.0244633
          15   0.00355299   0.00637808 -0.000400489   -0.0113256    -0.037306   -0.0137422 -0.000454224    0.0191942
     14.9966   -0.0101893   0.00575048 -0.000854713   -0.0390345   -0.0181117  -0.00269919 -0.000231086    0.0141779
    14.9851  -0.0128883  0.00478022  -0.0010858  -0.0500573 -0.00393386   0.00322565 -6.06261e-05    0.0096081
    14.9738 -0.00966246  0.00366411 -0.00114642  -0.0491871  0.00567424  0.00601114 6.75963e-05  0.00553558
    14.9672 -0.00365162  0.00255148 -0.00107883  -0.0407451   0.0112098  0.00646765 0.000164734  0.00191356
     14.9668   0.00281595   0.00155502 -0.000914095   -0.0285785    0.0131234  0.00472331 0.000241338 -0.00136128
     14.9719   0.00753937  0.000761597 -0.000672756   -0.0161358    0.0117621 0.000329769 0.000306366 -0.00441228
    14.9796  0.00786823 0.000242023 -0.00036639 -0.00657981  0.00734981 -0.00786816 0.000366386 -0.00734972
k = 30
   13.7203   0.558003 -0.0152938  0.0101164   0.761093  -0.229891   -0.145391 -0.00283125   0.0312636
    14.2056    0.412612 -0.00659306   0.0072851    0.546834   -0.198628   -0.129671 -0.00240023   0.0360995
     14.5534     0.282941 -0.000508068   0.00488487     0.366256    -0.162528   -0.107787 -0.00193375   0.0363663
   14.7825   0.175154 0.00340993 0.00295113   0.221911  -0.126162   -0.082719 -0.00148184     0.03369
   14.9163  0.0924347 0.00562014 0.00146928   0.112594 -0.0924718  -0.0566653 -0.00107514   0.0293403
    14.9804   0.0357693  0.00655185 0.000394139   0.0347925  -0.0631315    -0.032342 -0.000729362    0.0242538
          15    0.0034272    0.0065813 -0.000335223   -0.0162121   -0.0388778   -0.0141415 -0.000449291     0.019075
     14.9963   -0.0107142   0.00602144 -0.000784514   -0.0455524   -0.0198027  -0.00346064 -0.000232269    0.0142062
    14.9839  -0.0141748  0.00512079 -0.00101678   -0.058252  -0.0055965   0.00236933 -7.09852e-05   0.00985763
    14.9709  -0.0118051  0.00406851 -0.00108777  -0.0589197  0.00426112  0.0053954 4.4335e-05 0.00609608
    14.9618 -0.00640958  0.00300291 -0.00104343  -0.0516105   0.0103572  0.00650624 0.000124288   0.0028882
     14.9586  9.69318e-05   0.00202162 -0.000919145   -0.0398092    0.0132454  0.00599706 0.000179116 0.000138188
     14.9617   0.00609408   0.00119203 -0.000740029   -0.0264947    0.0133836  0.00374931 0.000217877 -0.00227982
     14.9697   0.00984346  0.000560941 -0.000522153    -0.014251    0.0111038 -0.000827817  0.000247879   -0.0044939
     14.9791   0.00901553  0.000162728 -0.000274274  -0.00539418   0.00660987 -0.00901548 0.000274271 -0.00660979
k = 31
    14.2056    0.412612 -0.00659306   0.0072851    0.546834   -0.198628   -0.129735 -0.00239236    0.035873
     14.5534     0.282877 -0.000504136   0.00489274     0.366143    -0.162755   -0.107843 -0.00192564   0.0361319
   14.7823   0.175034 0.00342578  0.0029671   0.221454  -0.126623  -0.0827374 -0.00147359   0.0334508
    14.916  0.0922972 0.00565608 0.00149351   0.111557 -0.0931719  -0.0566367 -0.00106699   0.0291039
      14.98   0.0356604   0.0066161 0.000426516   0.0329369   -0.064068   -0.0324622 -0.000721815    0.0240347
     14.9994   0.00319828    0.0066817 -0.000295298   -0.0191138   -0.0400333   -0.0146096 -0.000443168    0.0188972
     14.9953   -0.0114113   0.00616482 -0.000738467   -0.0496986   -0.0211362  -0.00415981 -0.000228789     0.014105
     14.9818    -0.015571   0.00531196 -0.000967255   -0.0637822  -0.00703122    0.001651 -7.1819e-05  0.00988147
    14.9671  -0.0139202   0.0043088 -0.00103907  -0.0658727  0.00285025  0.00482934 3.70295e-05  0.00630759
    14.9556  -0.0090907  0.00328824 -0.00100204  -0.0598687  0.00915784  0.00630982 0.000107882  0.00336358
     14.9496  -0.00278094   0.00234013 -0.000894163   -0.0490291    0.0125214  0.00649027 0.000150588 0.000965018
     14.9501   0.00370912   0.00152126 -0.000743575   -0.0360251    0.0134864  0.00543191 0.000173986 -0.00100759
     14.9565   0.00914115  0.000864682 -0.000569588   -0.0230425    0.0124788  0.00288034 0.000185458 -0.00268446
     14.9671    0.0120215  0.000387823 -0.000384131   -0.0119059   0.00979438 -0.00185407 0.000190671 -0.00418643
     14.9782    0.0101678  9.90282e-05 -0.000193459  -0.00420471   0.00560796  -0.0101669 0.000193457  -0.0056079
k = 32
     14.5534     0.282877 -0.000504137   0.00489274     0.366143    -0.162755   -0.107994 -0.00192049   0.0359486
   14.7823   0.174883 0.00342835 0.00297224   0.221362  -0.126806  -0.0828719 -0.00146829   0.0332616
   14.9157  0.0920115 0.00566645 0.00150395   0.111187 -0.0935444 -0.0566437 -0.0010616  0.0289111
   14.9794  0.0353678 0.00663961 0.00044235  0.0320984 -0.0646333   -0.0323352 -0.000716495    0.0238443
     14.9986   0.00303267   0.00672371 -0.000274145   -0.0206127    -0.040789   -0.0146555 -0.000438242    0.0187209
     14.9943   -0.0116229   0.00623044 -0.000712388   -0.0520413   -0.0220681  -0.00457616 -0.000224792     0.013962
    14.9804  -0.0161989  0.00540566 -0.00093718  -0.0671284  -0.0081061 0.000990117 -6.9546e-05   0.0098002
    14.9647  -0.0152087  0.00443371 -0.00100673  -0.0703344  0.00169409  0.00409088 3.64865e-05  0.00632706
     14.9515    -0.011118   0.00344522 -0.000970239   -0.0654768   0.00802115  0.00568805 0.000103114  0.00353419
     14.9433  -0.00542992   0.00252654 -0.000867125   -0.0556885    0.0115553  0.00623704 0.000139877  0.00134817
      14.941   0.00080714   0.00172935 -0.000727248   -0.0434591    0.0129035   0.00590128  0.000155359 -0.000341321
    14.9447  0.00670863  0.00107978 -0.00057189  -0.0307262   0.0125622  0.00460889 0.000156796 -0.00165934
     14.9537    0.0113175  0.000586293 -0.000415094   -0.0189937    0.0109028  0.00202225 0.000149906 -0.00272844
     14.9661    0.0133395  0.000246151 -0.000265189   -0.0094551   0.00817441 -0.00260607 0.000138857 -0.00365519
     14.9781    0.0107345  5.03913e-05 -0.000126332  -0.00310828   0.00451922  -0.0107325  0.00012633 -0.00451918
k = 33
   14.7823   0.174883 0.00342835 0.00297224   0.221362  -0.126806 -0.0833533 -0.0014653  0.0331211
   14.9155  0.0915308 0.00566795 0.00150694   0.111117 -0.0936848   -0.056875 -0.00105853   0.0287662
    14.9786   0.0346558  0.00664562 0.000448408   0.0318153  -0.0649187   -0.0321188 -0.000713366    0.0236967
     14.9972   0.00253706   0.00673734 -0.000264958    -0.021255   -0.0412219   -0.0143928 -0.000435152    0.0185752
    14.9925   -0.011856  0.00625481 -0.00070011  -0.0531894  -0.0226468  -0.00470105 -0.000221929    0.0138269
     14.9783   -0.0165569   0.00544373 -0.000922039   -0.0689227  -0.00881983  0.000550352 -6.72217e-05    0.0096906
      14.962   -0.0160065   0.00448808 -0.000989261   -0.0728972  0.000870763  0.00346807 3.78101e-05  0.00626468
     14.9477   -0.0125386   0.00351773 -0.000951451   -0.0688941   0.00713544  0.00502671 0.000102803  0.00354896
     14.9377  -0.00751201   0.00261768 -0.000848648   -0.0599842    0.0106844  0.00571418 0.000137112  0.00147872
     14.9331  -0.00179773   0.00183759 -0.000711536   -0.0485604    0.0121631   0.00575429  0.000149144 -4.79247e-05
     14.9341   0.00395666   0.00120062 -0.000562392   -0.0364212    0.0121152  0.00517746 0.000145984 -0.00114901
     14.9407   0.00913459  0.000711223 -0.000416408   -0.0248805    0.0109662  0.00382708 0.000133268 -0.00194315
    14.9517   0.0129618 0.000361449 -0.00028314  -0.0148859  0.00902304  0.00130863 0.000115191 -0.00253822
     14.9654    0.0142702  0.000135905 -0.000167949  -0.00713199   0.00648482 -0.00316727 9.46307e-05 -0.00302313
      14.978    0.0111031  1.52712e-05 -7.33181e-05  -0.00215874   0.00346169  -0.0111038 7.33175e-05 -0.00346165
k = 34
   14.9155  0.0915309 0.00566795 0.00150694   0.111117 -0.0936848  -0.0566577 -0.00105711   0.0286605
    14.9787   0.0348726  0.00664633 0.000449827   0.0317625  -0.0650244    -0.031688 -0.000711946    0.0235898
     14.9977   0.00318475   0.00674018 -0.000262119    -0.021467   -0.0414346   -0.0136644 -0.000433729    0.0184679
     14.9941   -0.0104796    0.0062612 -0.000695848   -0.0536677   -0.0229667  -0.00461518 -0.000220534    0.0137222
     14.9813   -0.0150951   0.00545508 -0.000916382   -0.0697733  -0.00924452   6.6368e-05 -6.59328e-05   0.00959441
     14.9662   -0.0150287   0.00450574 -0.000982315   -0.0742206  0.000349885  0.00260597 3.88563e-05  0.00618727
     14.9525   -0.0124226   0.00354285 -0.000943459   -0.0707771   0.00653715  0.00395692 0.000103397  0.00350578
      14.942  -0.00846515   0.00265109 -0.000840062   -0.0624871    0.0100429  0.00460149 0.000136965  0.00149119
     14.9359  -0.00386359   0.00187951 -0.000703096   -0.0516985    0.0115341  0.00478872 0.000147879 4.80119e-05
     14.9344  0.000925392   0.00125035 -0.000555217   -0.0401404    0.0115821   0.00461171  0.000143144 -0.000935591
     14.9376   0.00553697  0.000766708 -0.000412072   -0.0290261    0.0106465  0.00402975 0.000128325 -0.00157309
     14.9452   0.00956654  0.000418798 -0.000283747   -0.0191661   0.00907345  0.00285806 0.000107579 -0.00196945
     14.9562    0.0124249   0.00018884 -0.000176168   -0.0110774     0.007104 0.000715066 8.37972e-05 -0.00221451
      14.969      0.01314   5.4571e-05 -9.23707e-05  -0.00508062   0.00488949 -0.00312297 5.87992e-05 -0.00237875
     14.9805    0.0100162 -8.40006e-06 -3.35715e-05  -0.00138051   0.00251074  -0.0100156 3.35713e-05 -0.00251072
k = 35
    14.9787   0.0348722  0.00664633 0.000449827   0.0317625  -0.0650244   -0.033845 -0.00071172   0.0235206
     14.9966   0.00102521   0.00674029 -0.000261893   -0.0215016   -0.0415038   -0.0126459 -0.000433498    0.0183966
     14.9913   -0.0116209   0.00626165 -0.000695391   -0.0538071   -0.0231072  -0.00387349 -0.000220299    0.0136497
    14.9778  -0.0154944  0.00545611 -0.00091569  -0.0700894 -0.00945751    0.0003257 -6.56998e-05   0.00952278
    14.9624  -0.0151683  0.00450757 -0.00098139  -0.0747856 6.52676e-05  0.00249472 3.90732e-05  0.00612093
     14.9485   -0.0126736   0.00354572 -0.000942317   -0.0716598    0.0061862  0.00358901 0.000103575  0.00345194
     14.9376  -0.00908463   0.00265519 -0.000838742   -0.0637477   0.00963814  0.00408738 0.000137069  0.00146056
     14.9306  -0.00499729   0.00188498 -0.000701673   -0.0533792    0.0110987  0.00425023 0.000147861 5.52933e-05
     14.9277 -0.000746717   0.00125724 -0.000553813   -0.0422529     0.011154   0.00419986  0.000142942 -0.000871422
    14.9291  0.00345304 0.000774896 -0.00041087  -0.0315346   0.0102826  0.00394767 0.000127864 -0.00142891
     14.9345   0.00740102  0.000427958 -0.000283007   -0.0219665   0.00885366  0.00339717 0.000106772 -0.00171869
     14.9436    0.0107978  0.000198337 -0.000176234   -0.0139722   0.00713497  0.00232495  8.2551e-05 -0.00182865
     14.9556    0.0131229  6.33788e-05 -9.36832e-05  -0.00775155   0.00530632 0.000322377 5.70222e-05 -0.00182993
     14.9689    0.0134453 -1.79328e-06  -3.6661e-05   -0.0033602   0.00347639 -0.00335502 3.11865e-05 -0.00177565
     14.9806    0.0100887  -2.2861e-05 -5.47446e-06 -0.000771638   0.00170074  -0.0100898 5.47454e-06 -0.00170072
k = 36
     14.9966   0.00102728   0.00674029 -0.000261893   -0.0215016   -0.0415038  -0.0131015 -0.00043402   0.0183539
     14.9911   -0.0120739   0.00626139 -0.000695913   -0.0538284   -0.0231499  -0.00379264 -0.000220839    0.0136058
     14.9771   -0.0158666   0.00545506 -0.000916752   -0.0701754  -0.00954409   0.00033815 -6.62499e-05   0.00947812
     14.9614   -0.0155283   0.00450518 -0.000983002   -0.0749804 -6.59648e-05  0.00236574 3.85306e-05  0.00607685
     14.9471   -0.0131628   0.00354144 -0.000944471    -0.072008   0.00601089  0.00331906 0.000103073  0.00341112
     14.9356  -0.00984384   0.00264851 -0.000841398   -0.0642915     0.009422  0.00370353 0.000136663  0.00142742
     14.9276  -0.00614084   0.00187544 -0.000704735   -0.0541558    0.0108494  0.00380279 0.000147633 3.64317e-05
     14.9234  -0.00233748   0.00124452 -0.000557102   -0.0432882    0.0108859   0.00376882  0.000143003 -0.000866956
    14.9229  0.00143156 0.000758924  -0.0004141  -0.0328358   0.0100189  0.00365459 0.000128356 -0.00138943
     14.9262   0.00508619  0.000409002 -0.000285744   -0.0235116   0.00862947  0.00342425 0.000107871 -0.00162995
      14.933   0.00851007  0.000177194 -0.000177872   -0.0156971   0.00699952   0.0029485 8.44573e-05 -0.00167429
    14.9429   0.0114589 4.15502e-05 -9.3415e-05 -0.00953474  0.00532522  0.00198127 5.99507e-05 -0.00159239
     14.9554    0.0134404 -2.18895e-05 -3.34643e-05  -0.00500571   0.00373283 9.81924e-05 3.53469e-05 -0.00143775
     14.9689    0.0135384 -3.76803e-05  1.88257e-06  -0.00199175   0.00229508  -0.0034573 1.10415e-05 -0.00124812
     14.9807    0.0100814  -3.0277e-05  1.29241e-05 -0.000320733   0.00104696   -0.0100805 -1.29239e-05  -0.00104695
k = 37
     14.9911   -0.0120741   0.00626139 -0.000695913   -0.0538284   -0.0231498  -0.00339805 -0.000221797    0.0135834
    14.9773  -0.0154723  0.00545458 -0.00091771  -0.0701866 -0.00956641  8.87564e-05 -6.72394e-05   0.00945523
     14.9619   -0.0153833   0.00450325  -0.00098495   -0.0750254 -0.000111182  0.00202025 3.75224e-05   0.0060536
     14.9475   -0.0133631   0.00353706 -0.000947427   -0.0721097   0.00594241   0.0029428 0.000102078  0.00338817
     14.9356   -0.0104206   0.00264067 -0.000845349   -0.0644732   0.00933059  0.00329691 0.000135743  0.00140617
     14.9269   -0.0071232    0.0018632 -0.000709607   -0.0544396    0.0107368  0.00336806 0.000146887 1.91769e-05
    14.9214 -0.00375557  0.00122703 -0.00056272  -0.0436932   0.0107559   0.00332922  0.000142581 -0.000876787
     14.9193 -0.000425984  0.000735603 -0.000420139   -0.0333757   0.00987915  0.00326628 0.000128462 -0.00138712
     14.9205   0.00284028  0.000379695 -0.000291677   -0.0241901   0.00849203  0.00318927 0.000108768 -0.00160941
      14.925   0.00602943  0.000142402 -0.000182909   -0.0165028   0.00688261  0.00303365 8.64658e-05  -0.0016281
     14.9325   0.00906322  2.72603e-06 -9.64429e-05   -0.0104342   0.00525452  0.00265098 6.34391e-05   -0.001512
     14.9429    0.0117141 -6.19973e-05 -3.30038e-05   -0.0059357   0.00374251  0.00178269 4.07098e-05 -0.00131401
     14.9555    0.0134967 -7.46462e-05  7.70603e-06   -0.0028502    0.0024285 -3.94026e-06  1.86647e-05  -0.00107208
      14.969     0.013493 -5.76078e-05  2.63707e-05 -0.000957735   0.00135642  -0.00347175 -2.71888e-06 -0.000811102
     14.9808    0.0100212 -3.25966e-05  2.36518e-05 -6.86123e-06  0.000545323   -0.0100218 -2.36515e-05  -0.00054532
k = 38
    14.9773    -0.01547  0.00545458 -0.00091771  -0.0701866 -0.00956641  0.000541391 -6.83996e-05    0.0094477
     14.9621   -0.0149294   0.00450267  -0.00098611   -0.0750291 -0.000118713  0.00181323 3.63246e-05  0.00604596
     14.9481   -0.0131166   0.00353472 -0.000949785   -0.0721249   0.00592725  0.00256653 0.000100858  0.00338046
     14.9363   -0.0105499   0.00263537 -0.000848928   -0.0645074    0.0093077  0.00287571 0.000134538  0.00139857
    14.9272 -0.00767409  0.00185371 -0.00071439  -0.0545004   0.0107063  0.00292703 0.000145772 1.21377e-05
      14.921   -0.0047468    0.0012122 -0.000568618    -0.043788    0.0107184  0.00287628 0.000141677 -0.00088251
     14.9176  -0.00187015  0.000714423 -0.000426941   -0.0335109    0.0098359  0.00282247  0.00012795 -0.00139039
     14.9172   0.00095235  0.000351458 -0.000298991   -0.0243702   0.00844551  0.00280569 0.000108895 -0.00160867
     14.9195   0.00375753  0.000106914 -0.000190096    -0.016729   0.00683684  0.00280666 8.75497e-05  -0.0016213
     14.9247   0.00656467  -3.9407e-05 -0.000102546   -0.0107028   0.00521554  0.00274207 6.58684e-05 -0.00149669
     14.9326   0.00930683 -0.000109019 -3.66779e-05  -0.00623563   0.00371885  0.00245182 4.49306e-05 -0.00128734
     14.9432    0.0117584 -0.000123232  8.25266e-06  -0.00316045   0.00243151  0.00167028  2.5155e-05 -0.00103098
     14.9558    0.0134286 -0.000102402  3.34077e-05  -0.00124443   0.00140053 -3.95125e-05  6.50819e-06 -0.000752589
     14.9692    0.0133893 -6.57399e-05  3.99159e-05 -0.000220187  0.000647945  -0.00344347 -1.12977e-05 -0.000466884
     14.9808   0.00994496 -3.14729e-05  2.86181e-05  0.000194316  0.000181061  -0.00994459 -2.86178e-05 -0.000181061
k = 39
     14.9621   -0.0149314   0.00450267  -0.00098611   -0.0750291 -0.000118716  0.00259989 3.51275e-05  0.00604831
     14.9485   -0.0123319   0.00353412 -0.000950982   -0.0721237   0.00592959  0.00259151 9.96219e-05  0.00338314
     14.9375  -0.00974104   0.00263295 -0.000851361   -0.0645025   0.00931273  0.00256271 0.000133279  0.00140143
      14.929  -0.00717844   0.00184823 -0.000718081   -0.0544891    0.0107142  0.00245656  0.00014453 1.50125e-05
     14.9231  -0.00472221   0.00120241 -0.000573552   -0.0437674    0.0107292   0.00232181  0.000140527 -0.000879836
     14.9195  -0.00239987  0.000699126 -0.000433025   -0.0334782   0.00984934  0.00222214 0.000127018 -0.00138822
     14.9182 -0.000177812   0.00032961 -0.000306007   -0.0243229   0.00846112  0.00219826 0.000108367 -0.00160743
    14.9191  0.00202042 7.77868e-05 -0.00019764  -0.0166655  0.00685369  0.00225393 8.76798e-05 -0.00162157
     14.9223   0.00427412 -7.60134e-05  -0.00010996   -0.0106226   0.00523212  0.00234836 6.69855e-05  -0.0014992
     14.9277    0.0066224 -0.000152481 -4.29748e-05  -0.00614011   0.00373292  0.00238732  4.7435e-05 -0.00129297
     14.9355   0.00900971 -0.000171738  4.46016e-06  -0.00305368   0.00243995  0.00220775 2.95066e-05 -0.00104076
     14.9457    0.0112174 -0.000152525  3.39667e-05  -0.00113411   0.00139919   0.00154754  1.32002e-05 -0.000767614
     14.9576    0.0127645 -0.000111958   4.7167e-05 -0.000118728  0.000631573 -2.08276e-05 -1.78333e-06 -0.000488209
     14.9704    0.0127438 -6.56827e-05  4.53837e-05  0.000268741  0.000143365   -0.0032459 -1.58786e-05 -0.000209563
     14.9815   0.00949862 -2.82383e-05   2.9505e-05  0.000307324 -6.61978e-05  -0.00949592 -2.95047e-05  6.61962e-05
