poly2
-20 0
-19.5 -0.0156971
-18.4999 -0.0589435
-17.4996 -0.12362
-16.4993 -0.205067
-15.4991 -0.271172
-14.4989 -0.298923
-13.4986 -0.300764
-12.4984 -0.282593
-11.4982 -0.222199
-10.4979 -0.0987474
-9.49772 0.130037
-8.49754 0.507047
-7.49739 0.998586
-6.49725 1.65791
-5.49711 2.43408
-4.49698 3.14999
-3.49685 3.76242
-2.49673 4.1861
-1.49665 4.4345
-0.49661 4.55874
0.503474 4.39655
1.50358 3.92061
2.50362 3.28623
3.50365 2.60108
4.50364 1.94503
5.50358 1.36897
6.50351 0.890976
7.50344 0.513942
8.50337 0.231654
9.50332 0.0325449
10.5033 -0.0974658
11.5033 -0.1729
12.5033 -0.20739
13.5032 -0.212908
14.5031 -0.199425
15.5029 -0.174849
16.4767 -0.145146
17.369 -0.114547
18.1335 -0.0858251
18.7502 -0.0606042
19.2185 -0.0396407
19.5502 -0.0230777
19.7637 -0.0106537
19.8822 -0.00187049
19.9356 0.00388711
19.9496 0.00725438
19.941 0.00882454
19.9219 0.00912058
19.8996 0.00857868
19.8785 0.00754467
nonconvpoly1
-20 0
-19.5 0.072258
-18.4999 0.278876
-17.4996 0.655419
-16.4993 1.14394
-15.499 1.63513
-14.4988 2.11905
-13.4986 2.57977
-12.4984 2.89575
-11.4982 2.99087
-10.498 2.92104
-9.49778 2.7115
-8.49761 2.38167
-7.49745 1.98092
-6.4973 1.56531
-5.49718 1.17222
-4.49707 0.82417
-3.49692 0.532307
-2.49676 0.320663
-1.49664 0.209556
-0.496557 0.206397
0.503546 0.306338
1.50364 0.486656
2.50365 0.730331
3.50362 1.02447
4.50366 1.35737
5.50359 1.71582
6.50347 2.07562
7.50332 2.39921
8.50317 2.63303
9.50313 2.70366
10.503 2.57064
11.5029 2.28003
12.5028 1.91194
13.5028 1.52376
14.5027 1.15377
15.5025 0.825008
16.4774 0.548876
17.3719 0.328472
18.1393 0.161316
18.7599 0.0415649
19.2326 -0.0383064
19.569 -0.086298
19.7882 -0.110073
19.9142 -0.116467
19.9723 -0.111239
19.9863 -0.0990003
19.9767 -0.0832586
19.9579 -0.0665363
19.9372 -0.0505242
19.9184 -0.0362466
zonopsu
-37.5 0
-37 2.45678e-19
-35.9999 9.38405e-19
-34.9996 -0.00177914
-33.9989 -0.000716002
-32.9982 -0.00588497
-31.9979 -0.0345807
-30.9975 -0.0919377
-29.9969 -0.110077
-28.9963 -0.0223998
-27.9959 0.159475
-26.9956 0.207791
-25.9951 0.24339
-24.9949 0.548377
-23.9948 1.0174
-22.9946 1.54635
-21.9943 2.00007
-20.994 2.27157
-19.9938 2.37672
-18.9936 2.38538
-17.9934 2.34393
-16.993 2.2893
-15.9962 2.24073
-14.9995 2.19533
-13.999 2.13395
-12.9986 2.00277
-11.9982 1.77804
-10.9978 1.50862
-9.9976 1.25425
-8.99767 1.05199
-7.99769 0.912578
-6.99767 0.880955
-5.99778 0.848827
-4.99791 0.886163
-3.998 1.1715
-2.99811 1.61541
-1.99818 2.11577
-0.998244 2.55495
0.00169143 2.79504
1.0016 2.67331
2.0013 1.99996
3.00083 0.999954
4.00038 3.33549e-06
5.00021 -0.999938
6.0005 -1.9999
7.00083 -2.65152
8.00075 -2.78529
9.00034 -2.64276
10.0001 -2.3373
11.0002 -1.9587
12.0004 -1.59142
13.0005 -1.29136
14.0006 -1.07072
15.0006 -0.922091
16.0007 -0.91128
17.0007 -1.09821
18.0007 -1.44032
19.0008 -1.87555
20.0008 -2.32665
21.0009 -2.69729
22.001 -2.8838
23.001 -2.88428
24.001 -2.78607
25.001 -2.64723
26.0009 -2.49906
27.0007 -2.35354
28.0005 -2.19878
29.0004 -2.0006
30.0002 -1.73567
31.0001 -1.42739
32 -1.11614
32.9997 -0.82792
33.9743 -0.577469
34.8689 -0.371198
35.6374 -0.209664
36.2594 -0.0896488
36.7336 -0.00577043
37.0715 0.0483016
37.2927 0.078999
37.4206 0.0923019
37.4806 0.0934231
zonocost1
0 2.5
0.499999 2.45779
1.49997 2.37529
2.50003 2.24433
3.50016 2.06446
4.5002 1.87015
5.50022 1.63663
6.50025 1.40147
7.50028 1.17726
8.50033 0.895694
9.50036 0.560319
10.5004 0.281086
11.5003 0.164865
12.5003 0.145269
13.5003 0.182104
14.5003 0.351632
15.5002 0.631458
16.5002 0.959698
17.5001 1.29279
18.4999 1.60286
19.4996 1.87345
20.4954 2.09665
21.4479 2.2716
22.2917 2.40163
22.9938 2.4925
23.5567 2.55109
23.9993 2.58438
24.3439 2.59883
24.6026 2.6001
24.7838 2.59287
24.8996 2.5808
24.9636 2.56661
24.9906 2.5522
24.9947 2.53881
24.9879 2.52714
24.9775 2.51751
24.9671 2.50996
24.9581 2.50434
24.9509 2.5004
24.9457 2.49785
24.9422 2.49639
