poly2
-20 0
-19.5 -0.00340123
-18.4999 -0.0127952
-17.4996 -0.0276097
-16.4993 -0.073372
-15.4991 -0.139166
-14.4988 -0.185203
-13.4986 -0.213033
-12.4983 -0.224156
-11.4981 -0.191716
-10.4978 -0.0905808
-9.4976 0.11311
-8.49741 0.443696
-7.49724 0.905804
-6.49709 1.47595
-5.49694 2.10682
-4.49681 2.8406
-3.49668 3.579
-2.49657 4.13704
-1.49647 4.48885
-0.496386 4.51248
0.503692 4.16809
1.50376 3.61409
2.5038 2.96812
3.50383 2.31417
4.50385 1.70948
5.50385 1.18578
6.50383 0.755814
7.50379 0.420199
8.50376 0.171874
9.50373 -0.000751068
10.5037 -0.111181
11.5036 -0.173013
12.5036 -0.198805
13.5036 -0.199453
14.5035 -0.183935
15.5031 -0.159285
16.4768 -0.130766
17.369 -0.102074
18.1334 -0.0755692
18.7501 -0.0525852
19.2184 -0.0336929
19.5501 -0.0189293
19.7636 -0.00798735
19.8822 -0.000364648
19.9356 0.00453071
19.9496 0.00729534
19.941 0.008477
19.9219 0.00855248
19.8996 0.00791503
19.8785 0.00687299
nonconvpoly1
-20 0
-19.5 0.109808
-18.4999 0.419351
-17.4996 0.887269
-16.4993 1.40332
-15.499 1.88316
-14.4988 2.33134
-13.4985 2.74052
-12.4983 3.00278
-11.4981 3.05259
-10.4979 2.9471
-9.49772 2.71187
-8.49754 2.36563
-7.49738 1.95584
-6.49723 1.53654
-5.49709 1.1432
-4.49698 0.795873
-3.49685 0.505141
-2.49671 0.296041
-1.49658 0.188557
-0.496491 0.182055
0.503577 0.27459
1.50364 0.452995
2.50367 0.699151
3.50368 0.999055
4.50368 1.33851
5.50368 1.7011
6.50366 2.06379
7.50362 2.3907
8.5036 2.62852
9.50356 2.70389
10.5035 2.57439
11.5034 2.28573
12.5033 1.91842
13.5031 1.53024
14.5029 1.15976
15.5027 0.830195
16.4776 0.553138
17.372 0.331802
18.1395 0.163783
18.76 0.0432841
19.2327 -0.0372031
19.5691 -0.0856767
19.7883 -0.109809
19.9143 -0.116453
19.9724 -0.111386
19.9863 -0.0992382
19.9767 -0.0835357
19.9579 -0.0668162
19.9372 -0.0507837
19.9184 -0.0364722
zonopsu
-37.5 0
-37 1.11219e-19
-35.9997 0.00122255
-34.999 0.00112466
-33.9983 0.00382923
-32.9976 0.000362755
-31.997 0.004131
-30.9964 -0.00430284
-29.996 0.00277246
-28.996 0.0972938
-27.996 0.271179
-26.9959 0.515142
-25.9956 0.807803
-24.9954 1.12265
-23.9951 1.44263
-22.9948 1.7519
-21.9946 2.00024
-20.994 2.13498
-19.9935 2.16959
-18.993 2.15493
-17.9925 2.12817
-16.9921 2.11046
-15.9916 2.10866
-14.9911 2.11236
-13.9907 2.09294
-12.9903 2.00176
-11.9898 1.81305
-10.9894 1.56314
-9.98921 1.31674
-8.9892 1.11488
-7.98919 0.96974
-6.98918 0.926992
-5.98918 1.02688
-4.98918 1.25554
-3.98922 1.58601
-2.98927 1.98666
-1.98922 2.40252
-0.98917 2.74237
0.0108146 2.8891
1.01074 2.6989
2.01067 2.00002
3.0105 1.00009
4.00528 9.30956e-08
5.00007 -1
6.0002 -1.9999
7.00054 -2.65145
8.00055 -2.78522
9.00042 -2.64428
10.0003 -2.34089
11.0003 -1.96337
12.0005 -1.5968
13.0006 -1.29672
14.0006 -1.06942
15.0003 -0.89818
16.0002 -0.865627
17.0003 -1.04658
18.0004 -1.39141
19.0006 -1.83458
20.0006 -2.29623
21.0006 -2.67799
22.0006 -2.87385
23.0005 -2.88095
24.0005 -2.78687
25.0005 -2.64994
26.0004 -2.50201
27.0004 -2.35567
28.0003 -2.19975
29 -2.00059
29.9999 -1.73514
30.9998 -1.42662
31.9997 -1.11529
32.9994 -0.827072
33.9741 -0.576697
34.8686 -0.370535
35.6371 -0.209125
36.2592 -0.0892311
36.7335 -0.00546396
37.0715 0.0485124
37.2926 0.0791318
37.4206 0.0923742
37.4806 0.0934509
zonocost1
0 2.5
0.499994 2.47964
1.5 2.41854
2.50004 2.33607
3.50012 2.21944
4.5002 2.0013
5.50025 2.00007
6.50029 1.99963
7.50029 1.57237
8.50028 0.796761
9.5003 0.024643
10.5004 -0.389904
11.5004 -0.563312
12.5004 -0.582958
13.5004 -0.522148
14.5003 -0.436019
15.5001 -0.333589
16.5001 -0.201376
17.5 -7.23634e-05
18.5 0.302614
19.4999 0.675624
20.4982 1.06347
21.4713 1.42923
22.3661 1.75124
23.1355 2.01831
23.7588 2.22779
24.2346 2.38339
24.5737 2.49206
24.7952 2.56202
24.9229 2.60166
24.9823 2.6188
24.9987 2.62021
24.9942 2.61147
24.9833 2.59694
24.9717 2.57988
24.9614 2.56258
24.9531 2.54651
24.947 2.53251
24.9428 2.52097
24.9402 2.51191
24.9388 2.50517
