zono3D
-15 0 0
-14.5 0.240213 0.0702017
-13.4999 0.876037 0.263223
-12.4998 1.73297 0.448878
-11.4996 2.62273 0.531016
-10.4994 3.3336 0.690521
-9.49924 3.71885 1.0245
-8.49909 3.79658 1.3974
-7.49896 3.65262 1.66766
-6.49894 3.33667 1.73791
-5.499 2.88805 1.63575
-4.49904 2.37029 1.44456
-3.49908 1.84979 1.21961
-2.49914 1.36918 0.996349
-1.49921 0.9525 0.802206
-0.499269 0.609999 0.66122
0.500687 0.3423 0.583667
1.50063 0.143813 0.576907
2.50049 0.00544426 0.647226
3.50015 -0.0834336 0.791231
4.49052 -0.133567 0.995608
5.45534 -0.154926 1.23633
6.4285 -0.156187 1.47717
7.42742 -0.1445 1.66718
8.42734 -0.125474 1.76434
9.42723 -0.103278 1.76266
10.427 -0.0808316 1.66714
11.405 -0.0600192 1.48592
12.3078 -0.0419159 1.25119
13.0869 -0.026992 1.00105
13.7203 -0.0152938 0.761093
14.2056 -0.00659306 0.546834
14.5534 -0.000504137 0.366143
14.7823 0.00342835 0.221362
14.9155 0.00566795 0.111117
14.9787 0.00664633 0.0317625
14.9966 0.00674029 -0.0215016
14.9911 0.00626139 -0.0538284
14.9773 0.00545458 -0.0701866
14.9621 0.00450267 -0.0750291
14.9485 0.00353412 -0.0721237
