zono3D
-15 0 0
-14.5 0.240177 0.124269
-13.4999 0.875969 0.451037
-12.4997 1.73292 0.756323
-11.4996 2.62271 0.889607
-10.4995 3.3336 0.902604
-9.49932 3.71898 0.838444
-8.49919 3.79729 0.730187
-7.49908 3.65369 0.602423
-6.49898 3.33494 0.474216
-5.49894 2.88205 0.357749
-4.49896 2.36204 0.260649
-3.49901 1.84079 0.190161
-2.49905 1.36043 0.147581
-1.49912 0.944637 0.14054
-0.499204 0.704729 0.175511
0.50078 0.596383 0.247389
1.50071 0.479436 0.359095
2.50047 0.545929 0.517501
3.50009 0.950065 0.72231
4.49052 1.5177 0.964724
5.48114 2.07116 1.30157
6.42856 2.71585 1.62577
7.37589 3.21383 1.79129
8.37572 3.27394 1.83943
9.37564 3.05041 1.79533
10.3755 2.66359 1.66717
11.3557 2.20333 1.46431
12.264 1.73292 1.21748
13.0503 1.29366 0.962316
13.6915 0.90942 0.722238
14.1843 0.591086 0.511013
14.5387 0.340332 0.335127
14.7732 0.15283 0.195899
14.9106 0.020753 0.0912393
14.9768 -0.0653344 0.0170451
14.9965 -0.115141 -0.0317433
14.9917 -0.137772 -0.0603901
14.9782 -0.141222 -0.0738711
14.9629 -0.132136 -0.07658
14.9492 -0.115761 -0.0721866
