Limits
 0 -5
25 -5
25  5
0 5
---
Obstacles
 5 -4
 6 -4
 6 -3
 5 -3
---
 5 -3
 6 -3
 6 -2
 5 -2
---
 6 -4
 7 -4
 7 -3
 6 -3
---
 6 -3
 7 -3
 7 -2
 6 -2
---
 7 -4
 8 -4
 8 -3
 7 -3
---
 7 -3
 8 -3
 8 -2
 7 -2
---
8 2
9 2
9 3
8 3
---
8 3
9 3
9 4
8 4
---
9 2
10  2
10  3
9 3
---
9 3
10  3
10  4
9 4
---
10  2
11  2
11  3
10  3
---
10  3
11  3
11  4
10  4
---
11  2
12  2
12  3
11  3
---
11  3
12  3
12  4
11  4
---
15  2
16  2
16  3
15  3
---
15  3
16  3
16  4
15  4
---
16  2
17  2
17  3
16  3
---
16  3
17  3
17  4
16  4
---
17  2
18  2
18  3
17  3
---
17  3
18  3
18  4
17  4
---
20 -4
21 -4
21 -3
20 -3
---
20 -3
21 -3
21 -2
20 -2
---
21 -4
22 -4
22 -3
21 -3
---
21 -3
22 -3
22 -2
21 -2
---
22 -4
23 -4
23 -3
22 -3
---
22 -3
23 -3
23 -2
22 -2
---
Free Space
 0 -5 0.0180768
 1 -5 0.0272276
 1 -4 0.0272276
 0 -4 0.0180768
---
 0 -4 0.0180768
 1 -4 0.0272276
 1 -3 0.0272276
 0 -3 0.0180768
---
 0 -3 0.0180768
 1 -3 0.0272276
 1 -2 0.0272276
 0 -2 0.0180768
---
 0 -2 0.0180768
 1 -2 0.0272276
 1 -1 0.0272276
 0 -1 0.0180768
---
 0 -1 0.0180768
 1 -1 0.0272276
1 0 0.0272276
0 0 0.0180768
---
0 0 0.0180768
1 0 0.0272276
1 1 0.0272276
0 1 0.0180768
---
0 1 0.0180768
1 1 0.0272276
1 2 0.0272276
0 2 0.0180768
---
0 2 0.0180768
1 2 0.0272276
1 3 0.0272276
0 3 0.0180768
---
0 3 0.0180768
1 3 0.0272276
1 4 0.0272276
0 4 0.0180768
---
0 4 0.0180768
1 4 0.0272276
1 5 0.0272276
0 5 0.0180768
---
 1 -5 0.0180768
 2 -5 0.0272276
 2 -4 0.0272276
 1 -4 0.0180768
---
 1 -4 0.0180768
 2 -4 0.0272276
 2 -3 0.0272276
 1 -3 0.0180768
---
 1 -3 0.0180768
 2 -3 0.0272276
 2 -2 0.0272276
 1 -2 0.0180768
---
 1 -2 0.0180768
 2 -2 0.0272276
 2 -1 0.0272276
 1 -1 0.0180768
---
 1 -1 0.0180768
 2 -1 0.0272276
2 0 0.0272276
1 0 0.0180768
---
1 0 0.0180768
2 0 0.0272276
2 1 0.0272276
1 1 0.0180768
---
1 1 0.0180768
2 1 0.0272276
2 2 0.0272276
1 2 0.0180768
---
1 2 0.0180768
2 2 0.0272276
2 3 0.0272276
1 3 0.0180768
---
1 3 0.0180768
2 3 0.0272276
2 4 0.0272276
1 4 0.0180768
---
1 4 0.0180768
2 4 0.0272276
2 5 0.0272276
1 5 0.0180768
---
 2 -5 0.0180768
 3 -5 0.0272276
 3 -4 0.0272276
 2 -4 0.0180768
---
 2 -4 0.0180768
 3 -4 0.0272276
 3 -3 0.0272276
 2 -3 0.0180768
---
 2 -3 0.0180768
 3 -3 0.0272276
 3 -2 0.0272276
 2 -2 0.0180768
---
 2 -2 0.0180768
 3 -2 0.0272276
 3 -1 0.0272276
 2 -1 0.0180768
---
 2 -1 0.0180768
 3 -1 0.0272276
3 0 0.0272276
2 0 0.0180768
---
2 0 0.0180768
3 0 0.0272276
3 1 0.0272276
2 1 0.0180768
---
2 1 0.0180768
3 1 0.0272276
3 2 0.0272276
2 2 0.0180768
---
2 2 0.0180768
3 2 0.0272276
3 3 0.0272276
2 3 0.0180768
---
2 3 0.0180768
3 3 0.0272276
3 4 0.0272276
2 4 0.0180768
---
2 4 0.0180768
3 4 0.0272276
3 5 0.0272276
2 5 0.0180768
---
 3 -5 0.0180768
 4 -5 0.0272276
 4 -4 0.0272276
 3 -4 0.0180768
---
 3 -4 0.0180768
 4 -4 0.0272276
 4 -3 0.0272276
 3 -3 0.0180768
---
 3 -3 0.0180768
 4 -3 0.0272276
 4 -2 0.0272276
 3 -2 0.0180768
---
 3 -2 0.0180768
 4 -2 0.0272276
 4 -1 0.0272276
 3 -1 0.0180768
---
 3 -1 0.0180768
 4 -1 0.0272276
4 0 0.0272276
3 0 0.0180768
---
3 0 0.0180768
4 0 0.0272276
4 1 0.0272276
3 1 0.0180768
---
3 1 0.0180768
4 1 0.0272276
4 2 0.0272276
3 2 0.0180768
---
3 2 0.0180768
4 2 0.0272276
4 3 0.0272276
3 3 0.0180768
---
3 3 0.0180768
4 3 0.0272276
4 4 0.0272276
3 4 0.0180768
---
3 4 0.0180768
4 4 0.0272276
4 5 0.0272276
3 5 0.0180768
---
 4 -5 0.0180768
 5 -5 0.0272276
 5 -4 0.0272276
 4 -4 0.0180768
---
 4 -4 0.0180768
 5 -4 0.0272276
 5 -3 0.0272276
 4 -3 0.0180768
---
 4 -3 0.0180768
 5 -3 0.0272276
 5 -2 0.0272276
 4 -2 0.0180768
---
 4 -2 0.0180768
 5 -2 0.0272276
 5 -1 0.0272276
 4 -1 0.0180768
---
 4 -1 0.0180768
 5 -1 0.0272276
5 0 0.0272276
4 0 0.0180768
---
4 0 0.0180768
5 0 0.0272276
5 1 0.0272276
4 1 0.0180768
---
4 1 0.0180768
5 1 0.0272276
5 2 0.0272276
4 2 0.0180768
---
4 2 0.0180768
5 2 0.0272276
5 3 0.0272276
4 3 0.0180768
---
4 3 0.0180768
5 3 0.0272276
5 4 0.0272276
4 4 0.0180768
---
4 4 0.0180768
5 4 0.0272276
5 5 0.0272276
4 5 0.0180768
---
 5 -5 0.0180768
 6 -5 0.0272276
 6 -4 0.0272276
 5 -4 0.0180768
---
 5 -2 0.0180768
 6 -2 0.0272276
 6 -1 0.0272276
 5 -1 0.0180768
---
 5 -1 0.0180768
 6 -1 0.0272276
6 0 0.0272276
5 0 0.0180768
---
5 0 0.0180768
6 0 0.0272276
6 1 0.0272276
5 1 0.0180768
---
5 1 0.0180768
6 1 0.0272276
6 2 0.0272276
5 2 0.0180768
---
5 2 0.0180768
6 2 0.0272276
6 3 0.0272276
5 3 0.0180768
---
5 3 0.0180768
6 3 0.0272276
6 4 0.0272276
5 4 0.0180768
---
5 4 0.0180768
6 4 0.0272276
6 5 0.0272276
5 5 0.0180768
---
 6 -5 0.0180768
 7 -5 0.0272276
 7 -4 0.0272276
 6 -4 0.0180768
---
 6 -2 0.0180768
 7 -2 0.0272276
 7 -1 0.0272276
 6 -1 0.0180768
---
 6 -1 0.0180768
 7 -1 0.0272276
7 0 0.0272276
6 0 0.0180768
---
6 0 0.0180768
7 0 0.0272276
7 1 0.0272276
6 1 0.0180768
---
6 1 0.0180768
7 1 0.0272276
7 2 0.0272276
6 2 0.0180768
---
6 2 0.0180768
7 2 0.0272276
7 3 0.0272276
6 3 0.0180768
---
6 3 0.0180768
7 3 0.0272276
7 4 0.0272276
6 4 0.0180768
---
6 4 0.0180768
7 4 0.0272276
7 5 0.0272276
6 5 0.0180768
---
 7 -5 0.0180768
 8 -5 0.0272276
 8 -4 0.0272276
 7 -4 0.0180768
---
 7 -2 0.0180768
 8 -2 0.0272276
 8 -1 0.0272276
 7 -1 0.0180768
---
 7 -1 0.0180768
 8 -1 0.0272276
8 0 0.0272276
7 0 0.0180768
---
7 0 0.0180768
8 0 0.0272276
8 1 0.0272276
7 1 0.0180768
---
7 1 0.0180768
8 1 0.0272276
8 2 0.0272276
7 2 0.0180768
---
7 2 0.0180768
8 2 0.0272276
8 3 0.0272276
7 3 0.0180768
---
7 3 0.0180768
8 3 0.0272276
8 4 0.0272276
7 4 0.0180768
---
7 4 0.0180768
8 4 0.0272276
8 5 0.0272276
7 5 0.0180768
---
 8 -5 0.0180768
 9 -5 0.0272276
 9 -4 0.0272276
 8 -4 0.0180768
---
 8 -4 0.0180768
 9 -4 0.0272276
 9 -3 0.0272276
 8 -3 0.0180768
---
 8 -3 0.0180768
 9 -3 0.0272276
 9 -2 0.0272276
 8 -2 0.0180768
---
 8 -2 0.0180768
 9 -2 0.0272276
 9 -1 0.0272276
 8 -1 0.0180768
---
 8 -1 0.0180768
 9 -1 0.0272276
9 0 0.0272276
8 0 0.0180768
---
8 0 0.0180768
9 0 0.0272276
9 1 0.0272276
8 1 0.0180768
---
8 1 0.0180768
9 1 0.0272276
9 2 0.0272276
8 2 0.0180768
---
8 4 0.0180768
9 4 0.0272276
9 5 0.0272276
8 5 0.0180768
---
 9 -5 0.0180768
10 -5 0.0272276
10 -4 0.0272276
 9 -4 0.0180768
---
 9 -4 0.0180768
10 -4 0.0272276
10 -3 0.0272276
 9 -3 0.0180768
---
 9 -3 0.0180768
10 -3 0.0272276
10 -2 0.0272276
 9 -2 0.0180768
---
 9 -2 0.0180768
10 -2 0.0272276
10 -1 0.0272276
 9 -1 0.0180768
---
 9 -1 0.0180768
10 -1 0.0272276
10  0 0.0272276
9 0 0.0180768
---
9 0 0.0180768
10  0 0.0272276
10  1 0.0272276
9 1 0.0180768
---
9 1 0.0180768
10  1 0.0272276
10  2 0.0272276
9 2 0.0180768
---
9 4 0.0180768
10  4 0.0272276
10  5 0.0272276
9 5 0.0180768
---
10 -5 0.0180768
11 -5 0.0272276
11 -4 0.0272276
10 -4 0.0180768
---
10 -4 0.0180768
11 -4 0.0272276
11 -3 0.0272276
10 -3 0.0180768
---
10 -3 0.0180768
11 -3 0.0272276
11 -2 0.0272276
10 -2 0.0180768
---
10 -2 0.0180768
11 -2 0.0272276
11 -1 0.0272276
10 -1 0.0180768
---
10 -1 0.0180768
11 -1 0.0272276
11  0 0.0272276
10  0 0.0180768
---
10  0 0.0180768
11  0 0.0272276
11  1 0.0272276
10  1 0.0180768
---
10  1 0.0180768
11  1 0.0272276
11  2 0.0272276
10  2 0.0180768
---
10  4 0.0180768
11  4 0.0272276
11  5 0.0272276
10  5 0.0180768
---
11 -5 0.0180768
12 -5 0.0272276
12 -4 0.0272276
11 -4 0.0180768
---
11 -4 0.0180768
12 -4 0.0272276
12 -3 0.0272276
11 -3 0.0180768
---
11 -3 0.0180768
12 -3 0.0272276
12 -2 0.0272276
11 -2 0.0180768
---
11 -2 0.0180768
12 -2 0.0272276
12 -1 0.0272276
11 -1 0.0180768
---
11 -1 0.0180768
12 -1 0.0272276
12  0 0.0272276
11  0 0.0180768
---
11  0 0.0180768
12  0 0.0272276
12  1 0.0272276
11  1 0.0180768
---
11  1 0.0180768
12  1 0.0272276
12  2 0.0272276
11  2 0.0180768
---
11  4 0.0180768
12  4 0.0272276
12  5 0.0272276
11  5 0.0180768
---
12 -5 0.0180768
13 -5 0.0272276
13 -4 0.0272276
12 -4 0.0180768
---
12 -4 0.0180768
13 -4 0.0272276
13 -3 0.0272276
12 -3 0.0180768
---
12 -3 0.0180768
13 -3 0.0272276
13 -2 0.0272276
12 -2 0.0180768
---
12 -2 0.0180768
13 -2 0.0272276
13 -1 0.0272276
12 -1 0.0180768
---
12 -1 0.0180768
13 -1 0.0272276
13  0 0.0272276
12  0 0.0180768
---
12  0 0.0180768
13  0 0.0272276
13  1 0.0272276
12  1 0.0180768
---
12  1 0.0180768
13  1 0.0272276
13  2 0.0272276
12  2 0.0180768
---
12  2 0.0180768
13  2 0.0272276
13  3 0.0272276
12  3 0.0180768
---
12  3 0.0180768
13  3 0.0272276
13  4 0.0272276
12  4 0.0180768
---
12  4 0.0180768
13  4 0.0272276
13  5 0.0272276
12  5 0.0180768
---
13 -5 0.0180768
14 -5 0.0272276
14 -4 0.0272276
13 -4 0.0180768
---
13 -4 0.0180768
14 -4 0.0272276
14 -3 0.0272276
13 -3 0.0180768
---
13 -3 0.0180768
14 -3 0.0272276
14 -2 0.0272276
13 -2 0.0180768
---
13 -2 0.0180768
14 -2 0.0272276
14 -1 0.0272276
13 -1 0.0180768
---
13 -1 0.0180768
14 -1 0.0272276
14  0 0.0272276
13  0 0.0180768
---
13  0 0.0180768
14  0 0.0272276
14  1 0.0272276
13  1 0.0180768
---
13  1 0.0180768
14  1 0.0272276
14  2 0.0272276
13  2 0.0180768
---
13  2 0.0180768
14  2 0.0272276
14  3 0.0272276
13  3 0.0180768
---
13  3 0.0180768
14  3 0.0272276
14  4 0.0272276
13  4 0.0180768
---
13  4 0.0180768
14  4 0.0272276
14  5 0.0272276
13  5 0.0180768
---
14 -5 0.0180768
15 -5 0.0272276
15 -4 0.0272276
14 -4 0.0180768
---
14 -4 0.0180768
15 -4 0.0272276
15 -3 0.0272276
14 -3 0.0180768
---
14 -3 0.0180768
15 -3 0.0272276
15 -2 0.0272276
14 -2 0.0180768
---
14 -2 0.0180768
15 -2 0.0272276
15 -1 0.0272276
14 -1 0.0180768
---
14 -1 0.0180768
15 -1 0.0272276
15  0 0.0272276
14  0 0.0180768
---
14  0 0.0180768
15  0 0.0272276
15  1 0.0272276
14  1 0.0180768
---
14  1 0.0180768
15  1 0.0272276
15  2 0.0272276
14  2 0.0180768
---
14  2 0.0180768
15  2 0.0272276
15  3 0.0272276
14  3 0.0180768
---
14  3 0.0180768
15  3 0.0272276
15  4 0.0272276
14  4 0.0180768
---
14  4 0.0180768
15  4 0.0272276
15  5 0.0272276
14  5 0.0180768
---
15 -5 0.0180768
16 -5 0.0272276
16 -4 0.0272276
15 -4 0.0180768
---
15 -4 0.0180768
16 -4 0.0272276
16 -3 0.0272276
15 -3 0.0180768
---
15 -3 0.0180768
16 -3 0.0272276
16 -2 0.0272276
15 -2 0.0180768
---
15 -2 0.0180768
16 -2 0.0272276
16 -1 0.0272276
15 -1 0.0180768
---
15 -1 0.0180768
16 -1 0.0272276
16  0 0.0272276
15  0 0.0180768
---
15  0 0.0180768
16  0 0.0272276
16  1 0.0272276
15  1 0.0180768
---
15  1 0.0180768
16  1 0.0272276
16  2 0.0272276
15  2 0.0180768
---
15  4 0.0180768
16  4 0.0272276
16  5 0.0272276
15  5 0.0180768
---
16 -5 0.0180768
17 -5 0.0272276
17 -4 0.0272276
16 -4 0.0180768
---
16 -4 0.0180768
17 -4 0.0272276
17 -3 0.0272276
16 -3 0.0180768
---
16 -3 0.0180768
17 -3 0.0272276
17 -2 0.0272276
16 -2 0.0180768
---
16 -2 0.0180768
17 -2 0.0272276
17 -1 0.0272276
16 -1 0.0180768
---
16 -1 0.0180768
17 -1 0.0272276
17  0 0.0272276
16  0 0.0180768
---
16  0 0.0180768
17  0 0.0272276
17  1 0.0272276
16  1 0.0180768
---
16  1 0.0180768
17  1 0.0272276
17  2 0.0272276
16  2 0.0180768
---
16  4 0.0180768
17  4 0.0272276
17  5 0.0272276
16  5 0.0180768
---
17 -5 0.0180768
18 -5 0.0272276
18 -4 0.0272276
17 -4 0.0180768
---
17 -4 0.0180768
18 -4 0.0272276
18 -3 0.0272276
17 -3 0.0180768
---
17 -3 0.0180768
18 -3 0.0272276
18 -2 0.0272276
17 -2 0.0180768
---
17 -2 0.0180768
18 -2 0.0272276
18 -1 0.0272276
17 -1 0.0180768
---
17 -1 0.0180768
18 -1 0.0272276
18  0 0.0272276
17  0 0.0180768
---
17  0 0.0180768
18  0 0.0272276
18  1 0.0272276
17  1 0.0180768
---
17  1 0.0180768
18  1 0.0272276
18  2 0.0272276
17  2 0.0180768
---
17  4 0.0180768
18  4 0.0272276
18  5 0.0272276
17  5 0.0180768
---
18 -5 0.0180768
19 -5 0.0272276
19 -4 0.0272276
18 -4 0.0180768
---
18 -4 0.0180768
19 -4 0.0272276
19 -3 0.0272276
18 -3 0.0180768
---
18 -3 0.0180768
19 -3 0.0272276
19 -2 0.0272276
18 -2 0.0180768
---
18 -2 0.0180768
19 -2 0.0272276
19 -1 0.0272276
18 -1 0.0180768
---
18 -1 0.0180768
19 -1 0.0272276
19  0 0.0272276
18  0 0.0180768
---
18  0 0.0180768
19  0 0.0272276
19  1 0.0272276
18  1 0.0180768
---
18  1 0.0180768
19  1 0.0272276
19  2 0.0272276
18  2 0.0180768
---
18  2 0.0180768
19  2 0.0272276
19  3 0.0272276
18  3 0.0180768
---
18  3 0.0180768
19  3 0.0272276
19  4 0.0272276
18  4 0.0180768
---
18  4 0.0180768
19  4 0.0272276
19  5 0.0272276
18  5 0.0180768
---
19 -5 0.0180768
20 -5 0.0272276
20 -4 0.0272276
19 -4 0.0180768
---
19 -4 0.0180768
20 -4 0.0272276
20 -3 0.0272276
19 -3 0.0180768
---
19 -3 0.0180768
20 -3 0.0272276
20 -2 0.0272276
19 -2 0.0180768
---
19 -2 0.0180768
20 -2 0.0272276
20 -1 0.0272276
19 -1 0.0180768
---
19 -1 0.0180768
20 -1 0.0272276
20  0 0.0272276
19  0 0.0180768
---
19  0 0.0180768
20  0 0.0272276
20  1 0.0272276
19  1 0.0180768
---
19  1 0.0180768
20  1 0.0272276
20  2 0.0272276
19  2 0.0180768
---
19  2 0.0180768
20  2 0.0272276
20  3 0.0272276
19  3 0.0180768
---
19  3 0.0180768
20  3 0.0272276
20  4 0.0272276
19  4 0.0180768
---
19  4 0.0180768
20  4 0.0272276
20  5 0.0272276
19  5 0.0180768
---
20 -5 0.0180768
21 -5 0.0272276
21 -4 0.0272276
20 -4 0.0180768
---
20 -2 0.0180768
21 -2 0.0272276
21 -1 0.0272276
20 -1 0.0180768
---
20 -1 0.0180768
21 -1 0.0272276
21  0 0.0272276
20  0 0.0180768
---
20  0 0.0180768
21  0 0.0272276
21  1 0.0272276
20  1 0.0180768
---
20  1 0.0180768
21  1 0.0272276
21  2 0.0272276
20  2 0.0180768
---
20  2 0.0180768
21  2 0.0272276
21  3 0.0272276
20  3 0.0180768
---
20  3 0.0180768
21  3 0.0272276
21  4 0.0272276
20  4 0.0180768
---
20  4 0.0180768
21  4 0.0272276
21  5 0.0272276
20  5 0.0180768
---
21 -5 0.0180768
22 -5 0.0272276
22 -4 0.0272276
21 -4 0.0180768
---
21 -2 0.0180768
22 -2 0.0272276
22 -1 0.0272276
21 -1 0.0180768
---
21 -1 0.0180768
22 -1 0.0272276
22  0 0.0272276
21  0 0.0180768
---
21  0 0.0180768
22  0 0.0272276
22  1 0.0272276
21  1 0.0180768
---
21  1 0.0180768
22  1 0.0272276
22  2 0.0272276
21  2 0.0180768
---
21  2 0.0180768
22  2 0.0272276
22  3 0.0272276
21  3 0.0180768
---
21  3 0.0180768
22  3 0.0272276
22  4 0.0272276
21  4 0.0180768
---
21  4 0.0180768
22  4 0.0272276
22  5 0.0272276
21  5 0.0180768
---
22 -5 0.0180768
23 -5 0.0272276
23 -4 0.0272276
22 -4 0.0180768
---
22 -2 0.0180768
23 -2 0.0272276
23 -1 0.0272276
22 -1 0.0180768
---
22 -1 0.0180768
23 -1 0.0272276
23  0 0.0272276
22  0 0.0180768
---
22  0 0.0180768
23  0 0.0272276
23  1 0.0272276
22  1 0.0180768
---
22  1 0.0180768
23  1 0.0272276
23  2 0.0272276
22  2 0.0180768
---
22  2 0.0180768
23  2 0.0272276
23  3 0.0272276
22  3 0.0180768
---
22  3 0.0180768
23  3 0.0272276
23  4 0.0272276
22  4 0.0180768
---
22  4 0.0180768
23  4 0.0272276
23  5 0.0272276
22  5 0.0180768
---
23 -5 0.0180768
24 -5 0.0272276
24 -4 0.0272276
23 -4 0.0180768
---
23 -4 0.0180768
24 -4 0.0272276
24 -3 0.0272276
23 -3 0.0180768
---
23 -3 0.0180768
24 -3 0.0272276
24 -2 0.0272276
23 -2 0.0180768
---
23 -2 0.0180768
24 -2 0.0272276
24 -1 0.0272276
23 -1 0.0180768
---
23 -1 0.0180768
24 -1 0.0272276
24  0 0.0272276
23  0 0.0180768
---
23  0 0.0180768
24  0 0.0272276
24  1 0.0272276
23  1 0.0180768
---
23  1 0.0180768
24  1 0.0272276
24  2 0.0272276
23  2 0.0180768
---
23  2 0.0180768
24  2 0.0272276
24  3 0.0272276
23  3 0.0180768
---
23  3 0.0180768
24  3 0.0272276
24  4 0.0272276
23  4 0.0180768
---
23  4 0.0180768
24  4 0.0272276
24  5 0.0272276
23  5 0.0180768
---
24 -5 0.0180768
25 -5 0.0272276
25 -4 0.0272276
24 -4 0.0180768
---
24 -4 0.0180768
25 -4 0.0272276
25 -3 0.0272276
24 -3 0.0180768
---
24 -3 0.0180768
25 -3 0.0272276
25 -2 0.0272276
24 -2 0.0180768
---
24 -2 0.0180768
25 -2 0.0272276
25 -1 0.0272276
24 -1 0.0180768
---
24 -1 0.0180768
25 -1 0.0272276
25  0 0.0272276
24  0 0.0180768
---
24  0 0.0180768
25  0 0.0272276
25  1 0.0272276
24  1 0.0180768
---
24  1 0.0180768
25  1 0.0272276
25  2 0.0272276
24  2 0.0180768
---
24  2 0.0180768
25  2 0.0272276
25  3 0.0272276
24  3 0.0180768
---
24  3 0.0180768
25  3 0.0272276
25  4 0.0272276
24  4 0.0180768
---
24  4 0.0180768
25  4 0.0272276
25  5 0.0272276
24  5 0.0180768
---
Costs
0.0180768
0.0272276
0.0272276
0.0180768
0.007968
0.00233184
0.000453191
5.86623e-05
5.22787e-06
4.32697e-07
0.155249
0.233839
0.233839
0.155249
0.0684321
0.0200286
0.00389677
0.000510796
5.18852e-05
8.35471e-06
0.885215
1.33333
1.33333
0.885219
0.390209
0.114255
0.0223419
0.00309759
0.000480928
0.000170518
3.35106
5.04741
5.04742
3.35113
1.47745
0.433476
0.0867383
0.0149814
0.00507579
0.00280669
8.42224
12.6857
12.6858
8.42305
3.71654
1.10058
0.243236
0.075663
0.0507672
0.0322896
14.0536
14.0598
6.22674
1.92269
0.601505
0.420922
0.379381
0.249515
15.5689
15.6011
7.02804
2.57384
1.67328
1.98295
1.93693
1.28334
11.4511
11.5609
5.61298
3.40971
4.67149
6.64102
6.60718
4.38468
5.59181
8.42499
8.4544
5.84095
3.74782
5.10582
10.0873
9.94721
1.81304
2.73462
2.77892
2.18833
2.73185
6.83846
15.0292
14.9838
0.390425
0.591862
0.636202
0.766132
2.10694
6.6623
15.0103
15.0005
0.0559177
0.0867814
0.116643
0.308943
1.3277
4.46012
10.1037
10.1023
0.00537547
0.00943063
0.0250077
0.137362
0.682087
2.32349
5.26985
7.93734
7.93733
5.26972
0.000477885
0.00189293
0.0155913
0.116546
0.59795
2.04271
4.63416
6.98003
6.98003
4.63415
0.00154786
0.00452661
0.0301593
0.218738
1.11919
3.82246
8.67157
13.0612
13.0612
8.67153
0.018299
0.0311279
0.0727648
0.371094
1.82492
6.21109
14.0862
14.0857
0.155494
0.23815
0.284179
0.545507
2.07706
6.88377
15.5756
15.5717
0.885396
1.3365
1.37034
1.1722
1.8673
5.16167
11.4733
11.4512
3.35115
5.04896
5.06549
3.4912
2.19838
2.89698
5.67565
8.43308
8.42318
5.59172
8.42227
12.6862
12.6916
8.46767
3.94623
1.88546
2.02388
2.7577
2.73281
1.81294
14.0536
14.0633
6.24492
1.98479
0.7424
0.633141
0.591599
0.39041
15.5689
15.5703
6.86972
2.03285
0.445948
0.134316
0.0882948
0.0560036
11.451
11.4511
5.0481
1.47942
0.292275
0.044987
0.0111383
0.00547033
5.59166
8.42224
8.42224
5.59167
2.46476
0.72143
0.140472
0.0185787
0.00205
0.000421236
1.81281
2.73048
2.73048
1.81281
0.799058
0.233845
0.0454466
0.00588147
0.000522881
4.24713e-05
