Limits
-37.5   -10
37.5  -10
37.5   10
-37.5    10
---
Obstacles
-37.5   -10
-35 -10
-35  -6
-37.5    -6
---
-37.5    -6
-35  -6
-35  -2
-37.5    -2
---
-37.5     2
-35   2
-35   6
-37.5     6
---
-37.5     6
-35   6
-35  10
-37.5    10
---
-35 -10
-32.5   -10
-32.5    -6
-35  -6
---
-35  -6
-32.5    -6
-32.5    -2
-35  -2
---
-35   2
-32.5     2
-32.5     6
-35   6
---
-35   6
-32.5     6
-32.5    10
-35  10
---
-32.5   -10
-30 -10
-30  -6
-32.5    -6
---
-32.5    -6
-30  -6
-30  -2
-32.5    -2
---
-32.5     2
-30   2
-30   6
-32.5     6
---
-32.5     6
-30   6
-30  10
-32.5    10
---
-30 -10
-27.5   -10
-27.5    -6
-30  -6
---
-30  -6
-27.5    -6
-27.5    -2
-30  -2
---
-30   2
-27.5     2
-27.5     6
-30   6
---
-30   6
-27.5     6
-27.5    10
-30  10
---
-27.5   -10
-25 -10
-25  -6
-27.5    -6
---
-27.5    -6
-25  -6
-25  -2
-27.5    -2
---
-27.5     2
-25   2
-25   6
-27.5     6
---
-27.5     6
-25   6
-25  10
-27.5    10
---
-25 -10
-22.5   -10
-22.5    -6
-25  -6
---
-25   6
-22.5     6
-22.5    10
-25  10
---
-22.5   -10
-20 -10
-20  -6
-22.5    -6
---
-22.5    -2
-20  -2
-20   2
-22.5     2
---
-22.5     6
-20   6
-20  10
-22.5    10
---
-20 -10
-17.5   -10
-17.5    -6
-20  -6
---
-20  -2
-17.5    -2
-17.5     2
-20   2
---
-20   6
-17.5     6
-17.5    10
-20  10
---
-17.5   -10
-15 -10
-15  -6
-17.5    -6
---
-17.5    -2
-15  -2
-15   2
-17.5     2
---
-17.5     6
-15   6
-15  10
-17.5    10
---
-15 -10
-12.5   -10
-12.5    -6
-15  -6
---
-15  -2
-12.5    -2
-12.5     2
-15   2
---
-15   6
-12.5     6
-12.5    10
-15  10
---
-12.5   -10
-10 -10
-10  -6
-12.5    -6
---
-12.5    -6
-10  -6
-10  -2
-12.5    -2
---
-12.5     2
-10   2
-10   6
-12.5     6
---
-12.5     6
-10   6
-10  10
-12.5    10
---
-10 -10
-7.5  -10
-7.5   -6
-10  -6
---
-10  -6
-7.5   -6
-7.5   -2
-10  -2
---
-10   2
-7.5    2
-7.5    6
-10   6
---
-10   6
-7.5    6
-7.5   10
-10  10
---
-7.5  -10
 -5 -10
-5 -6
-7.5   -6
---
-7.5   -6
-5 -6
-5 -2
-7.5   -2
---
-7.5    2
-5  2
-5  6
-7.5    6
---
-7.5    6
-5  6
-5 10
-7.5   10
---
 -5 -10
-2.5  -10
-2.5   -6
-5 -6
---
-5 -6
-2.5   -6
-2.5   -2
-5 -2
---
-5  2
-2.5    2
-2.5    6
-5  6
---
-5  6
-2.5    6
-2.5   10
-5 10
---
-2.5  -10
  0 -10
 0 -6
-2.5   -6
---
-2.5    6
0 6
 0 10
-2.5   10
---
  0 -10
2.5 -10
2.5  -6
 0 -6
---
 0 -6
2.5  -6
2.5  -2
 0 -2
---
 0 -2
2.5  -2
2.5   2
0 2
---
0 6
2.5   6
2.5  10
 0 10
---
2.5 -10
  5 -10
 5 -6
2.5  -6
---
2.5   6
5 6
 5 10
2.5  10
---
  5 -10
7.5 -10
7.5  -6
 5 -6
---
 5 -2
7.5  -2
7.5   2
5 2
---
5 2
7.5   2
7.5   6
5 6
---
5 6
7.5   6
7.5  10
 5 10
---
7.5 -10
 10 -10
10 -6
7.5  -6
---
7.5   6
10  6
10 10
7.5  10
---
 10 -10
12.5  -10
12.5   -6
10 -6
---
10 -6
12.5   -6
12.5   -2
10 -2
---
10  2
12.5    2
12.5    6
10  6
---
10  6
12.5    6
12.5   10
10 10
---
12.5  -10
 15 -10
15 -6
12.5   -6
---
12.5   -6
15 -6
15 -2
12.5   -2
---
12.5    2
15  2
15  6
12.5    6
---
12.5    6
15  6
15 10
12.5   10
---
 15 -10
17.5  -10
17.5   -6
15 -6
---
15 -6
17.5   -6
17.5   -2
15 -2
---
15  2
17.5    2
17.5    6
15  6
---
15  6
17.5    6
17.5   10
15 10
---
17.5  -10
 20 -10
20 -6
17.5   -6
---
17.5   -6
20 -6
20 -2
17.5   -2
---
17.5    2
20  2
20  6
17.5    6
---
17.5    6
20  6
20 10
17.5   10
---
 20 -10
22.5  -10
22.5   -6
20 -6
---
20  2
22.5    2
22.5    6
20  6
---
20  6
22.5    6
22.5   10
20 10
---
22.5  -10
 25 -10
25 -6
22.5   -6
---
22.5   -2
25 -2
25  2
22.5    2
---
22.5    2
25  2
25  6
22.5    6
---
22.5    6
25  6
25 10
22.5   10
---
 25 -10
27.5  -10
27.5   -6
25 -6
---
25  6
27.5    6
27.5   10
25 10
---
27.5  -10
 30 -10
30 -6
27.5   -6
---
27.5   -2
30 -2
30  2
27.5    2
---
27.5    6
30  6
30 10
27.5   10
---
 30 -10
32.5  -10
32.5   -6
30 -6
---
30  6
32.5    6
32.5   10
30 10
---
32.5  -10
 35 -10
35 -6
32.5   -6
---
32.5   -6
35 -6
35 -2
32.5   -2
---
32.5    2
35  2
35  6
32.5    6
---
32.5    6
35  6
35 10
32.5   10
---
 35 -10
37.5  -10
37.5   -6
35 -6
---
35 -6
37.5   -6
37.5   -2
35 -2
---
35  2
37.5    2
37.5    6
35  6
---
35  6
37.5    6
37.5   10
35 10
---
Free Space
-37.5    -2
-35  -2
-35   2
-37.5     2
---
-35  -2
-32.5    -2
-32.5     2
-35   2
---
-32.5    -2
-30  -2
-30   2
-32.5     2
---
-30  -2
-27.5    -2
-27.5     2
-30   2
---
-27.5    -2
-25  -2
-25   2
-27.5     2
---
-25  -6
-22.5    -6
-22.5    -2
-25  -2
---
-25  -2
-22.5    -2
-22.5     2
-25   2
---
-25   2
-22.5     2
-22.5     6
-25   6
---
-22.5    -6
-20  -6
-20  -2
-22.5    -2
---
-22.5     2
-20   2
-20   6
-22.5     6
---
-20  -6
-17.5    -6
-17.5    -2
-20  -2
---
-20   2
-17.5     2
-17.5     6
-20   6
---
-17.5    -6
-15  -6
-15  -2
-17.5    -2
---
-17.5     2
-15   2
-15   6
-17.5     6
---
-15  -6
-12.5    -6
-12.5    -2
-15  -2
---
-15   2
-12.5     2
-12.5     6
-15   6
---
-12.5    -2
-10  -2
-10   2
-12.5     2
---
-10  -2
-7.5   -2
-7.5    2
-10   2
---
-7.5   -2
-5 -2
-5  2
-7.5    2
---
-5 -2
-2.5   -2
-2.5    2
-5  2
---
-2.5   -6
 0 -6
 0 -2
-2.5   -2
---
-2.5   -2
 0 -2
0 2
-2.5    2
---
-2.5    2
0 2
0 6
-2.5    6
---
0 2
2.5   2
2.5   6
0 6
---
2.5  -6
 5 -6
 5 -2
2.5  -2
---
2.5  -2
 5 -2
5 2
2.5   2
---
2.5   2
5 2
5 6
2.5   6
---
 5 -6
7.5  -6
7.5  -2
 5 -2
---
7.5  -6
10 -6
10 -2
7.5  -2
---
7.5  -2
10 -2
10  2
7.5   2
---
7.5   2
10  2
10  6
7.5   6
---
10 -2
12.5   -2
12.5    2
10  2
---
12.5   -2
15 -2
15  2
12.5    2
---
15 -2
17.5   -2
17.5    2
15  2
---
17.5   -2
20 -2
20  2
17.5    2
---
20 -6
22.5   -6
22.5   -2
20 -2
---
20 -2
22.5   -2
22.5    2
20  2
---
22.5   -6
25 -6
25 -2
22.5   -2
---
25 -6
27.5   -6
27.5   -2
25 -2
---
25 -2
27.5   -2
27.5    2
25  2
---
25  2
27.5    2
27.5    6
25  6
---
27.5   -6
30 -6
30 -2
27.5   -2
---
27.5    2
30  2
30  6
27.5    6
---
30 -6
32.5   -6
32.5   -2
30 -2
---
30 -2
32.5   -2
32.5    2
30  2
---
30  2
32.5    2
32.5    6
30  6
---
32.5   -2
35 -2
35  2
32.5    2
---
35 -2
37.5   -2
37.5    2
35  2
---
