Limits
-15 -10  -5
 15 -10  -5
15 10 -5
-15  10  -5
-15  10   5
15 10  5
 15 -10   5
-15 -10   5
---
Obstacles
-10.7143      -10       -5
-6.42857      -10       -5
-6.42857 -3.33333       -5
-10.7143 -3.33333       -5
-10.7143      -10 -1.66667
-6.42857      -10 -1.66667
-6.42857 -3.33333 -1.66667
-10.7143 -3.33333 -1.66667
---
-10.7143      -10 -1.66667
-6.42857      -10 -1.66667
-6.42857 -3.33333 -1.66667
-10.7143 -3.33333 -1.66667
-10.7143      -10  1.66667
-6.42857      -10  1.66667
-6.42857 -3.33333  1.66667
-10.7143 -3.33333  1.66667
---
-10.7143      -10  1.66667
-6.42857      -10  1.66667
-6.42857 -3.33333  1.66667
-10.7143 -3.33333  1.66667
-10.7143      -10        5
-6.42857      -10        5
-6.42857 -3.33333        5
-10.7143 -3.33333        5
---
-10.7143 -3.33333       -5
-6.42857 -3.33333       -5
-6.42857  3.33333       -5
-10.7143  3.33333       -5
-10.7143 -3.33333 -1.66667
-6.42857 -3.33333 -1.66667
-6.42857  3.33333 -1.66667
-10.7143  3.33333 -1.66667
---
-10.7143 -3.33333 -1.66667
-6.42857 -3.33333 -1.66667
-6.42857  3.33333 -1.66667
-10.7143  3.33333 -1.66667
-10.7143 -3.33333  1.66667
-6.42857 -3.33333  1.66667
-6.42857  3.33333  1.66667
-10.7143  3.33333  1.66667
---
-10.7143 -3.33333  1.66667
-6.42857 -3.33333  1.66667
-6.42857  3.33333  1.66667
-10.7143  3.33333  1.66667
-10.7143 -3.33333        5
-6.42857 -3.33333        5
-6.42857  3.33333        5
-10.7143  3.33333        5
---
-10.7143  3.33333       -5
-6.42857  3.33333       -5
-6.42857       10       -5
-10.7143       10       -5
-10.7143  3.33333 -1.66667
-6.42857  3.33333 -1.66667
-6.42857       10 -1.66667
-10.7143       10 -1.66667
---
-2.14286      -10       -5
2.14286     -10      -5
 2.14286 -3.33333       -5
-2.14286 -3.33333       -5
-2.14286      -10 -1.66667
 2.14286      -10 -1.66667
 2.14286 -3.33333 -1.66667
-2.14286 -3.33333 -1.66667
---
-2.14286      -10 -1.66667
 2.14286      -10 -1.66667
 2.14286 -3.33333 -1.66667
-2.14286 -3.33333 -1.66667
-2.14286      -10  1.66667
2.14286     -10 1.66667
 2.14286 -3.33333  1.66667
-2.14286 -3.33333  1.66667
---
-2.14286      -10  1.66667
2.14286     -10 1.66667
 2.14286 -3.33333  1.66667
-2.14286 -3.33333  1.66667
-2.14286      -10        5
2.14286     -10       5
 2.14286 -3.33333        5
-2.14286 -3.33333        5
---
-2.14286 -3.33333  1.66667
 2.14286 -3.33333  1.66667
2.14286 3.33333 1.66667
-2.14286  3.33333  1.66667
-2.14286 -3.33333        5
 2.14286 -3.33333        5
2.14286 3.33333       5
-2.14286  3.33333        5
---
-2.14286  3.33333       -5
2.14286 3.33333      -5
2.14286      10      -5
-2.14286       10       -5
-2.14286  3.33333 -1.66667
 2.14286  3.33333 -1.66667
 2.14286       10 -1.66667
-2.14286       10 -1.66667
---
-2.14286  3.33333 -1.66667
 2.14286  3.33333 -1.66667
 2.14286       10 -1.66667
-2.14286       10 -1.66667
-2.14286  3.33333  1.66667
2.14286 3.33333 1.66667
2.14286      10 1.66667
-2.14286       10  1.66667
---
-2.14286  3.33333  1.66667
2.14286 3.33333 1.66667
2.14286      10 1.66667
-2.14286       10  1.66667
-2.14286  3.33333        5
2.14286 3.33333       5
2.14286      10       5
-2.14286       10        5
---
6.42857     -10      -5
10.7143     -10      -5
 10.7143 -3.33333       -5
 6.42857 -3.33333       -5
 6.42857      -10 -1.66667
 10.7143      -10 -1.66667
 10.7143 -3.33333 -1.66667
 6.42857 -3.33333 -1.66667
---
 6.42857      -10 -1.66667
 10.7143      -10 -1.66667
 10.7143 -3.33333 -1.66667
 6.42857 -3.33333 -1.66667
6.42857     -10 1.66667
10.7143     -10 1.66667
 10.7143 -3.33333  1.66667
 6.42857 -3.33333  1.66667
---
6.42857     -10 1.66667
10.7143     -10 1.66667
 10.7143 -3.33333  1.66667
 6.42857 -3.33333  1.66667
6.42857     -10       5
10.7143     -10       5
 10.7143 -3.33333        5
 6.42857 -3.33333        5
---
 6.42857 -3.33333       -5
 10.7143 -3.33333       -5
10.7143 3.33333      -5
6.42857 3.33333      -5
 6.42857 -3.33333 -1.66667
 10.7143 -3.33333 -1.66667
 10.7143  3.33333 -1.66667
 6.42857  3.33333 -1.66667
---
 6.42857 -3.33333 -1.66667
 10.7143 -3.33333 -1.66667
 10.7143  3.33333 -1.66667
 6.42857  3.33333 -1.66667
 6.42857 -3.33333  1.66667
 10.7143 -3.33333  1.66667
10.7143 3.33333 1.66667
6.42857 3.33333 1.66667
---
6.42857 3.33333      -5
10.7143 3.33333      -5
10.7143      10      -5
6.42857      10      -5
 6.42857  3.33333 -1.66667
 10.7143  3.33333 -1.66667
 10.7143       10 -1.66667
 6.42857       10 -1.66667
---
 6.42857  3.33333 -1.66667
 10.7143  3.33333 -1.66667
 10.7143       10 -1.66667
 6.42857       10 -1.66667
6.42857 3.33333 1.66667
10.7143 3.33333 1.66667
10.7143      10 1.66667
6.42857      10 1.66667
---
Free Space
-15 -10  -5
-10.7143      -10       -5
-10.7143 -3.33333       -5
     -15 -3.33333       -5
     -15      -10 -1.66667
-10.7143      -10 -1.66667
-10.7143 -3.33333 -1.66667
     -15 -3.33333 -1.66667
---
     -15      -10 -1.66667
-10.7143      -10 -1.66667
-10.7143 -3.33333 -1.66667
     -15 -3.33333 -1.66667
    -15     -10 1.66667
-10.7143      -10  1.66667
-10.7143 -3.33333  1.66667
     -15 -3.33333  1.66667
---
    -15     -10 1.66667
-10.7143      -10  1.66667
-10.7143 -3.33333  1.66667
     -15 -3.33333  1.66667
-15 -10   5
-10.7143      -10        5
-10.7143 -3.33333        5
     -15 -3.33333        5
---
     -15 -3.33333       -5
-10.7143 -3.33333       -5
-10.7143  3.33333       -5
    -15 3.33333      -5
     -15 -3.33333 -1.66667
-10.7143 -3.33333 -1.66667
-10.7143  3.33333 -1.66667
     -15  3.33333 -1.66667
---
     -15 -3.33333 -1.66667
-10.7143 -3.33333 -1.66667
-10.7143  3.33333 -1.66667
     -15  3.33333 -1.66667
     -15 -3.33333  1.66667
-10.7143 -3.33333  1.66667
-10.7143  3.33333  1.66667
    -15 3.33333 1.66667
---
     -15 -3.33333  1.66667
-10.7143 -3.33333  1.66667
-10.7143  3.33333  1.66667
    -15 3.33333 1.66667
     -15 -3.33333        5
-10.7143 -3.33333        5
-10.7143  3.33333        5
    -15 3.33333       5
---
    -15 3.33333      -5
-10.7143  3.33333       -5
-10.7143       10       -5
-15  10  -5
     -15  3.33333 -1.66667
-10.7143  3.33333 -1.66667
-10.7143       10 -1.66667
     -15       10 -1.66667
---
     -15  3.33333 -1.66667
-10.7143  3.33333 -1.66667
-10.7143       10 -1.66667
     -15       10 -1.66667
    -15 3.33333 1.66667
-10.7143  3.33333  1.66667
-10.7143       10  1.66667
    -15      10 1.66667
---
    -15 3.33333 1.66667
-10.7143  3.33333  1.66667
-10.7143       10  1.66667
    -15      10 1.66667
    -15 3.33333       5
-10.7143  3.33333        5
-10.7143       10        5
-15  10   5
---
-10.7143  3.33333 -1.66667
-6.42857  3.33333 -1.66667
-6.42857       10 -1.66667
-10.7143       10 -1.66667
-10.7143  3.33333  1.66667
-6.42857  3.33333  1.66667
-6.42857       10  1.66667
-10.7143       10  1.66667
---
-10.7143  3.33333  1.66667
-6.42857  3.33333  1.66667
-6.42857       10  1.66667
-10.7143       10  1.66667
-10.7143  3.33333        5
-6.42857  3.33333        5
-6.42857       10        5
-10.7143       10        5
---
-6.42857      -10       -5
-2.14286      -10       -5
-2.14286 -3.33333       -5
-6.42857 -3.33333       -5
-6.42857      -10 -1.66667
-2.14286      -10 -1.66667
-2.14286 -3.33333 -1.66667
-6.42857 -3.33333 -1.66667
---
-6.42857      -10 -1.66667
-2.14286      -10 -1.66667
-2.14286 -3.33333 -1.66667
-6.42857 -3.33333 -1.66667
-6.42857      -10  1.66667
-2.14286      -10  1.66667
-2.14286 -3.33333  1.66667
-6.42857 -3.33333  1.66667
---
-6.42857      -10  1.66667
-2.14286      -10  1.66667
-2.14286 -3.33333  1.66667
-6.42857 -3.33333  1.66667
-6.42857      -10        5
-2.14286      -10        5
-2.14286 -3.33333        5
-6.42857 -3.33333        5
---
-6.42857 -3.33333       -5
-2.14286 -3.33333       -5
-2.14286  3.33333       -5
-6.42857  3.33333       -5
-6.42857 -3.33333 -1.66667
-2.14286 -3.33333 -1.66667
-2.14286  3.33333 -1.66667
-6.42857  3.33333 -1.66667
---
-6.42857 -3.33333 -1.66667
-2.14286 -3.33333 -1.66667
-2.14286  3.33333 -1.66667
-6.42857  3.33333 -1.66667
-6.42857 -3.33333  1.66667
-2.14286 -3.33333  1.66667
-2.14286  3.33333  1.66667
-6.42857  3.33333  1.66667
---
-6.42857 -3.33333  1.66667
-2.14286 -3.33333  1.66667
-2.14286  3.33333  1.66667
-6.42857  3.33333  1.66667
-6.42857 -3.33333        5
-2.14286 -3.33333        5
-2.14286  3.33333        5
-6.42857  3.33333        5
---
-6.42857  3.33333       -5
-2.14286  3.33333       -5
-2.14286       10       -5
-6.42857       10       -5
-6.42857  3.33333 -1.66667
-2.14286  3.33333 -1.66667
-2.14286       10 -1.66667
-6.42857       10 -1.66667
---
-6.42857  3.33333 -1.66667
-2.14286  3.33333 -1.66667
-2.14286       10 -1.66667
-6.42857       10 -1.66667
-6.42857  3.33333  1.66667
-2.14286  3.33333  1.66667
-2.14286       10  1.66667
-6.42857       10  1.66667
---
-6.42857  3.33333  1.66667
-2.14286  3.33333  1.66667
-2.14286       10  1.66667
-6.42857       10  1.66667
-6.42857  3.33333        5
-2.14286  3.33333        5
-2.14286       10        5
-6.42857       10        5
---
-2.14286 -3.33333       -5
 2.14286 -3.33333       -5
2.14286 3.33333      -5
-2.14286  3.33333       -5
-2.14286 -3.33333 -1.66667
 2.14286 -3.33333 -1.66667
 2.14286  3.33333 -1.66667
-2.14286  3.33333 -1.66667
---
-2.14286 -3.33333 -1.66667
 2.14286 -3.33333 -1.66667
 2.14286  3.33333 -1.66667
-2.14286  3.33333 -1.66667
-2.14286 -3.33333  1.66667
 2.14286 -3.33333  1.66667
2.14286 3.33333 1.66667
-2.14286  3.33333  1.66667
---
2.14286     -10      -5
6.42857     -10      -5
 6.42857 -3.33333       -5
 2.14286 -3.33333       -5
 2.14286      -10 -1.66667
 6.42857      -10 -1.66667
 6.42857 -3.33333 -1.66667
 2.14286 -3.33333 -1.66667
---
 2.14286      -10 -1.66667
 6.42857      -10 -1.66667
 6.42857 -3.33333 -1.66667
 2.14286 -3.33333 -1.66667
2.14286     -10 1.66667
6.42857     -10 1.66667
 6.42857 -3.33333  1.66667
 2.14286 -3.33333  1.66667
---
2.14286     -10 1.66667
6.42857     -10 1.66667
 6.42857 -3.33333  1.66667
 2.14286 -3.33333  1.66667
2.14286     -10       5
6.42857     -10       5
 6.42857 -3.33333        5
 2.14286 -3.33333        5
---
 2.14286 -3.33333       -5
 6.42857 -3.33333       -5
6.42857 3.33333      -5
2.14286 3.33333      -5
 2.14286 -3.33333 -1.66667
 6.42857 -3.33333 -1.66667
 6.42857  3.33333 -1.66667
 2.14286  3.33333 -1.66667
---
 2.14286 -3.33333 -1.66667
 6.42857 -3.33333 -1.66667
 6.42857  3.33333 -1.66667
 2.14286  3.33333 -1.66667
 2.14286 -3.33333  1.66667
 6.42857 -3.33333  1.66667
6.42857 3.33333 1.66667
2.14286 3.33333 1.66667
---
 2.14286 -3.33333  1.66667
 6.42857 -3.33333  1.66667
6.42857 3.33333 1.66667
2.14286 3.33333 1.66667
 2.14286 -3.33333        5
 6.42857 -3.33333        5
6.42857 3.33333       5
2.14286 3.33333       5
---
2.14286 3.33333      -5
6.42857 3.33333      -5
6.42857      10      -5
2.14286      10      -5
 2.14286  3.33333 -1.66667
 6.42857  3.33333 -1.66667
 6.42857       10 -1.66667
 2.14286       10 -1.66667
---
 2.14286  3.33333 -1.66667
 6.42857  3.33333 -1.66667
 6.42857       10 -1.66667
 2.14286       10 -1.66667
2.14286 3.33333 1.66667
6.42857 3.33333 1.66667
6.42857      10 1.66667
2.14286      10 1.66667
---
2.14286 3.33333 1.66667
6.42857 3.33333 1.66667
6.42857      10 1.66667
2.14286      10 1.66667
2.14286 3.33333       5
6.42857 3.33333       5
6.42857      10       5
2.14286      10       5
---
 6.42857 -3.33333  1.66667
 10.7143 -3.33333  1.66667
10.7143 3.33333 1.66667
6.42857 3.33333 1.66667
 6.42857 -3.33333        5
 10.7143 -3.33333        5
10.7143 3.33333       5
6.42857 3.33333       5
---
6.42857 3.33333 1.66667
10.7143 3.33333 1.66667
10.7143      10 1.66667
6.42857      10 1.66667
6.42857 3.33333       5
10.7143 3.33333       5
10.7143      10       5
6.42857      10       5
---
10.7143     -10      -5
 15 -10  -5
      15 -3.33333       -5
 10.7143 -3.33333       -5
 10.7143      -10 -1.66667
      15      -10 -1.66667
      15 -3.33333 -1.66667
 10.7143 -3.33333 -1.66667
---
 10.7143      -10 -1.66667
      15      -10 -1.66667
      15 -3.33333 -1.66667
 10.7143 -3.33333 -1.66667
10.7143     -10 1.66667
     15     -10 1.66667
      15 -3.33333  1.66667
 10.7143 -3.33333  1.66667
---
10.7143     -10 1.66667
     15     -10 1.66667
      15 -3.33333  1.66667
 10.7143 -3.33333  1.66667
10.7143     -10       5
 15 -10   5
      15 -3.33333        5
 10.7143 -3.33333        5
---
 10.7143 -3.33333       -5
      15 -3.33333       -5
     15 3.33333      -5
10.7143 3.33333      -5
 10.7143 -3.33333 -1.66667
      15 -3.33333 -1.66667
      15  3.33333 -1.66667
 10.7143  3.33333 -1.66667
---
 10.7143 -3.33333 -1.66667
      15 -3.33333 -1.66667
      15  3.33333 -1.66667
 10.7143  3.33333 -1.66667
 10.7143 -3.33333  1.66667
      15 -3.33333  1.66667
     15 3.33333 1.66667
10.7143 3.33333 1.66667
---
 10.7143 -3.33333  1.66667
      15 -3.33333  1.66667
     15 3.33333 1.66667
10.7143 3.33333 1.66667
 10.7143 -3.33333        5
      15 -3.33333        5
     15 3.33333       5
10.7143 3.33333       5
---
10.7143 3.33333      -5
     15 3.33333      -5
15 10 -5
10.7143      10      -5
 10.7143  3.33333 -1.66667
      15  3.33333 -1.66667
      15       10 -1.66667
 10.7143       10 -1.66667
---
 10.7143  3.33333 -1.66667
      15  3.33333 -1.66667
      15       10 -1.66667
 10.7143       10 -1.66667
10.7143 3.33333 1.66667
     15 3.33333 1.66667
     15      10 1.66667
10.7143      10 1.66667
---
10.7143 3.33333 1.66667
     15 3.33333 1.66667
     15      10 1.66667
10.7143      10 1.66667
10.7143 3.33333       5
     15 3.33333       5
15 10  5
10.7143      10       5
---
